Best solution in generation 0 is: x = [3, 8, 4, 4, 4, 6, 6, 1, 9, 2, 8, 9, 3, 2, 2, 1, 8, 8, 9, 8, 6, 5, 1, 8, 9, 8, 7, 2, 11, 9, 8, 6, 2, 11, 2, 9, 5, 9, 2, 10, 2, 11, 5, 6, 4, 9, 3, 9, 3, 4, 7, 10, 2, 11, 2, 4, 4, 11, 1, 7, 1, 11] f(x) = 0.051590126972825466
Best solution in generation 1 is: x = [3, 8, 4, 4, 4, 6, 6, 1, 9, 2, 8, 9, 3, 2, 2, 1, 8, 8, 9, 8, 6, 5, 1, 8, 9, 8, 7, 2, 11, 9, 8, 6, 2, 11, 2, 9, 5, 9, 2, 10, 2, 11, 5, 6, 4, 9, 3, 9, 3, 4, 7, 10, 2, 11, 2, 4, 4, 11, 1, 7, 1, 11] f(x) = 0.051590126972825466
Best solution in generation 2 is: x = [3, 8, 4, 4, 4, 6, 6, 1, 9, 2, 8, 9, 3, 2, 2, 1, 8, 8, 9, 8, 6, 5, 1, 8, 9, 8, 7, 2, 11, 9, 8, 6, 2, 11, 7, 5, 7, 9, 2, 10, 2, 11, 5, 6, 4, 9, 3, 6, 3, 4, 7, 10, 2, 11, 2, 4, 4, 11, 1, 7, 1, 11] f(x) = 0.0532316759621851
Best solution in generation 3 is: x = [3, 8, 4, 4, 4, 6, 6, 1, 9, 2, 8, 9, 3, 2, 3, 3, 10, 8, 9, 8, 6, 5, 1, 8, 9, 8, 7, 8, 11, 9, 8, 6, 2, 11, 2, 9, 5, 9, 2, 10, 2, 11, 5, 6, 4, 9, 3, 6, 11, 1, 7, 10, 2, 11, 2, 4, 4, 11, 1, 7, 1, 11] f(x) = 0.06406985483169189
Best solution in generation 4 is: x = [3, 8, 4, 4, 4, 6, 6, 1, 9, 2, 8, 9, 3, 2, 3, 3, 10, 8, 9, 8, 6, 5, 1, 8, 9, 8, 7, 8, 11, 9, 8, 6, 2, 11, 2, 9, 5, 9, 2, 10, 2, 11, 5, 6, 4, 9, 3, 6, 11, 1, 7, 10, 2, 11, 2, 4, 4, 11, 1, 7, 1, 11] f(x) = 0.06406985483169189
Best solution in generation 5 is: x = [3, 8, 4, 4, 4, 6, 6, 1, 9, 2, 8, 9, 3, 2, 3, 3, 10, 8, 9, 8, 6, 9, 1, 8, 9, 8, 7, 8, 11, 9, 8, 6, 2, 11, 2, 9, 5, 9, 2, 10, 2, 11, 5, 6, 4, 9, 3, 6, 11, 1, 10, 4, 8, 11, 2, 4, 4, 11, 1, 7, 1, 11] f(x) = 0.07757802302124141
Best solution in generation 6 is: x = [3, 8, 4, 4, 4, 6, 6, 1, 9, 2, 8, 9, 3, 2, 3, 3, 10, 8, 9, 8, 6, 9, 1, 8, 9, 8, 7, 8, 11, 9, 8, 6, 2, 11, 2, 9, 5, 9, 2, 10, 2, 11, 5, 6, 4, 9, 3, 6, 11, 1, 10, 4, 8, 11, 2, 4, 4, 11, 1, 7, 1, 11] f(x) = 0.07757802302124141
Best solution in generation 7 is: x = [3, 8, 4, 4, 4, 6, 6, 1, 9, 2, 8, 9, 3, 2, 3, 3, 10, 8, 9, 8, 6, 9, 1, 8, 9, 8, 7, 8, 11, 9, 8, 6, 2, 11, 2, 9, 5, 9, 3, 10, 2, 11, 5, 6, 4, 9, 3, 6, 11, 1, 10, 4, 8, 11, 2, 4, 4, 11, 1, 7, 1, 11] f(x) = 0.08008979075194825
Best solution in generation 8 is: x = [3, 8, 4, 4, 4, 6, 6, 1, 9, 2, 8, 9, 3, 2, 3, 3, 10, 8, 9, 8, 6, 9, 1, 8, 9, 8, 7, 8, 11, 9, 8, 6, 2, 11, 2, 9, 5, 9, 2, 10, 2, 11, 5, 6, 4, 9, 3, 6, 11, 8, 10, 4, 2, 11, 2, 4, 4, 11, 5, 7, 1, 11] f(x) = 0.08386733119734203
Best solution in generation 9 is: x = [3, 8, 4, 4, 4, 6, 6, 1, 9, 2, 8, 9, 3, 2, 3, 3, 10, 8, 9, 8, 6, 9, 1, 8, 9, 8, 7, 8, 11, 9, 8, 6, 2, 3, 2, 9, 5, 9, 3, 10, 2, 11, 5, 6, 4, 9, 3, 6, 11, 1, 10, 4, 8, 11, 2, 4, 4, 11, 1, 7, 1, 11] f(x) = 0.0869130967920574
Best solution in generation 10 is: x = [3, 8, 1, 10, 10, 5, 8, 8, 9, 2, 8, 4, 5, 8, 6, 5, 4, 8, 9, 8, 6, 9, 1, 8, 9, 8, 3, 7, 8, 9, 8, 8, 2, 11, 7, 4, 7, 9, 2, 10, 2, 11, 5, 6, 4, 9, 3, 6, 3, 1, 7, 10, 2, 11, 8, 8, 11, 11, 1, 9, 1, 11] f(x) = 0.08796131482140755
Best solution in generation 11 is: x = [3, 8, 4, 4, 4, 6, 6, 1, 9, 2, 3, 9, 3, 2, 3, 3, 10, 8, 9, 8, 6, 9, 1, 8, 9, 8, 7, 8, 11, 9, 8, 6, 2, 3, 2, 9, 5, 9, 3, 10, 2, 11, 5, 6, 4, 9, 3, 6, 11, 6, 10, 4, 8, 11, 2, 4, 4, 11, 1, 7, 1, 11] f(x) = 0.08934575372809635
Best solution in generation 12 is: x = [3, 8, 4, 4, 4, 6, 6, 1, 9, 2, 3, 9, 3, 2, 3, 3, 10, 8, 9, 8, 6, 9, 1, 8, 9, 8, 7, 8, 11, 9, 8, 6, 2, 3, 2, 9, 5, 9, 3, 10, 2, 11, 5, 6, 4, 9, 3, 6, 11, 6, 10, 4, 8, 11, 2, 4, 4, 11, 1, 7, 1, 11] f(x) = 0.08934575372809635
Best solution in generation 13 is: x = [3, 8, 4, 4, 4, 6, 6, 1, 9, 2, 3, 9, 3, 2, 3, 3, 10, 8, 9, 8, 6, 9, 1, 8, 9, 8, 7, 8, 11, 9, 8, 6, 2, 3, 2, 5, 7, 9, 3, 10, 2, 11, 6, 6, 4, 9, 3, 6, 11, 6, 10, 4, 8, 11, 2, 4, 4, 11, 1, 7, 1, 11] f(x) = 0.09185752145880322
Best solution in generation 14 is: x = [3, 8, 4, 4, 4, 6, 6, 1, 9, 2, 3, 9, 3, 2, 3, 3, 10, 8, 9, 8, 10, 9, 1, 8, 9, 8, 7, 8, 11, 9, 8, 6, 2, 3, 2, 9, 5, 9, 3, 10, 2, 11, 3, 6, 4, 9, 3, 6, 11, 6, 10, 4, 8, 11, 2, 4, 4, 11, 1, 7, 1, 11] f(x) = 0.0980677188402359
Best solution in generation 15 is: x = [3, 8, 4, 4, 4, 6, 6, 1, 9, 2, 3, 9, 3, 2, 3, 3, 10, 8, 9, 8, 10, 9, 1, 8, 9, 8, 7, 8, 11, 9, 8, 6, 2, 3, 2, 9, 5, 9, 3, 10, 2, 11, 3, 6, 4, 9, 3, 6, 11, 6, 10, 4, 8, 11, 2, 4, 4, 11, 1, 7, 1, 11] f(x) = 0.0980677188402359
Best solution in generation 16 is: x = [3, 8, 4, 4, 4, 6, 6, 1, 9, 2, 3, 9, 3, 2, 2, 3, 10, 8, 9, 8, 10, 9, 1, 8, 9, 8, 7, 8, 11, 9, 8, 6, 2, 3, 2, 9, 5, 9, 3, 10, 2, 11, 3, 6, 4, 9, 3, 6, 11, 6, 10, 4, 8, 11, 2, 4, 4, 11, 1, 9, 1, 11] f(x) = 0.10378347375499394
Best solution in generation 17 is: x = [3, 8, 4, 4, 4, 6, 6, 1, 9, 2, 3, 9, 3, 2, 2, 3, 10, 8, 9, 8, 10, 9, 1, 8, 9, 8, 7, 8, 11, 9, 8, 6, 2, 3, 2, 9, 5, 9, 3, 10, 2, 11, 3, 6, 4, 9, 3, 6, 11, 6, 10, 4, 8, 11, 2, 4, 4, 11, 1, 9, 1, 11] f(x) = 0.10378347375499394
Best solution in generation 18 is: x = [3, 8, 4, 4, 4, 6, 11, 8, 4, 2, 8, 9, 3, 2, 2, 1, 10, 8, 9, 8, 4, 9, 1, 8, 9, 8, 7, 8, 11, 9, 8, 6, 2, 3, 2, 9, 9, 3, 2, 10, 2, 11, 3, 6, 4, 9, 3, 6, 11, 8, 10, 4, 2, 11, 8, 8, 4, 11, 1, 7, 3, 11] f(x) = 0.10593924290969506
Best solution in generation 19 is: x = [3, 8, 4, 4, 4, 6, 6, 8, 9, 2, 3, 9, 3, 2, 3, 3, 10, 8, 9, 8, 10, 9, 1, 7, 9, 8, 4, 8, 11, 9, 8, 6, 2, 3, 2, 9, 5, 9, 3, 10, 11, 11, 3, 6, 4, 9, 3, 8, 11, 6, 10, 4, 9, 11, 2, 1, 4, 11, 1, 7, 1, 11] f(x) = 0.10989478264309144
Best solution in generation 20 is: x = [3, 8, 4, 5, 4, 5, 8, 8, 9, 11, 1, 6, 5, 8, 6, 9, 9, 8, 9, 8, 10, 9, 1, 8, 9, 8, 3, 7, 11, 9, 8, 8, 2, 11, 7, 4, 7, 9, 2, 10, 2, 11, 3, 6, 4, 9, 3, 11, 11, 4, 3, 4, 2, 11, 8, 4, 4, 11, 1, 9, 1, 11] f(x) = 0.11347454610181548
Best solution in generation 21 is: x = [3, 8, 4, 4, 4, 2, 6, 1, 9, 2, 5, 9, 3, 2, 2, 3, 10, 8, 9, 8, 8, 9, 1, 3, 9, 8, 8, 8, 10, 9, 10, 6, 2, 11, 2, 9, 7, 9, 8, 10, 2, 10, 5, 6, 4, 9, 3, 5, 11, 8, 10, 4, 2, 11, 2, 4, 2, 11, 1, 7, 1, 11] f(x) = 0.11377121158182021
Best solution in generation 22 is: x = [3, 8, 4, 4, 4, 6, 8, 8, 9, 2, 3, 9, 3, 2, 2, 3, 10, 8, 9, 8, 10, 9, 1, 3, 9, 8, 7, 8, 11, 9, 8, 6, 2, 3, 2, 9, 5, 9, 3, 10, 2, 11, 3, 6, 4, 9, 3, 3, 11, 6, 10, 4, 8, 11, 2, 4, 4, 11, 1, 9, 1, 11] f(x) = 0.12118784858193878
Best solution in generation 23 is: x = [3, 8, 4, 4, 4, 6, 8, 8, 9, 2, 3, 9, 3, 2, 2, 3, 10, 8, 9, 8, 10, 9, 1, 3, 9, 8, 7, 8, 11, 9, 8, 6, 2, 3, 2, 9, 5, 9, 3, 10, 2, 11, 3, 6, 4, 9, 3, 3, 11, 6, 10, 4, 8, 11, 2, 4, 4, 11, 1, 9, 1, 11] f(x) = 0.12118784858193878
Best solution in generation 24 is: x = [3, 8, 4, 4, 4, 6, 8, 8, 9, 2, 3, 9, 3, 2, 2, 3, 10, 8, 9, 8, 10, 9, 1, 3, 9, 8, 7, 8, 11, 9, 8, 6, 2, 3, 2, 9, 5, 9, 3, 10, 2, 11, 3, 6, 4, 9, 3, 3, 11, 6, 10, 4, 8, 11, 2, 4, 4, 11, 1, 9, 1, 11] f(x) = 0.12118784858193878
Best solution in generation 25 is: x = [3, 8, 4, 4, 4, 6, 8, 8, 9, 2, 3, 9, 3, 2, 2, 3, 10, 8, 9, 8, 10, 9, 1, 3, 9, 8, 7, 8, 11, 9, 8, 6, 2, 3, 2, 9, 5, 9, 3, 10, 2, 11, 3, 6, 4, 9, 3, 3, 11, 6, 10, 4, 8, 11, 2, 4, 4, 11, 1, 9, 1, 11] f(x) = 0.12118784858193878
Best solution in generation 26 is: x = [3, 8, 4, 4, 4, 6, 8, 8, 9, 2, 3, 9, 3, 2, 2, 3, 10, 8, 9, 8, 10, 9, 1, 3, 9, 8, 7, 8, 11, 9, 8, 6, 2, 3, 2, 9, 5, 9, 3, 10, 2, 11, 3, 6, 4, 9, 3, 3, 11, 6, 10, 4, 8, 11, 2, 4, 4, 11, 1, 9, 1, 11] f(x) = 0.12118784858193878
Best solution in generation 27 is: x = [3, 8, 4, 4, 4, 6, 8, 8, 9, 2, 3, 9, 3, 2, 2, 3, 10, 8, 9, 8, 10, 9, 1, 3, 9, 8, 7, 8, 11, 9, 8, 6, 2, 3, 2, 9, 5, 9, 3, 10, 2, 11, 3, 6, 4, 9, 3, 3, 11, 6, 10, 4, 8, 11, 2, 4, 4, 11, 1, 9, 1, 11] f(x) = 0.12118784858193878
Best solution in generation 28 is: x = [3, 8, 4, 4, 4, 6, 8, 8, 9, 2, 3, 9, 3, 2, 2, 3, 10, 8, 9, 8, 10, 9, 2, 3, 9, 8, 7, 8, 11, 9, 8, 6, 2, 3, 2, 9, 5, 9, 3, 10, 2, 11, 3, 6, 2, 9, 5, 3, 11, 6, 10, 4, 8, 11, 2, 4, 4, 11, 1, 9, 1, 11] f(x) = 0.12172184644594737
Best solution in generation 29 is: x = [3, 8, 4, 4, 4, 6, 8, 8, 9, 2, 3, 9, 3, 2, 2, 3, 10, 8, 9, 8, 10, 9, 2, 3, 9, 8, 7, 8, 11, 9, 8, 6, 2, 3, 2, 9, 5, 9, 3, 10, 2, 11, 3, 6, 2, 9, 5, 3, 11, 6, 10, 4, 8, 11, 2, 4, 4, 11, 1, 9, 1, 11] f(x) = 0.12172184644594737
Best solution in generation 30 is: x = [3, 8, 4, 4, 4, 6, 8, 8, 9, 2, 3, 9, 3, 1, 2, 3, 10, 8, 9, 8, 10, 9, 1, 8, 9, 8, 7, 8, 11, 9, 8, 10, 6, 3, 2, 9, 4, 9, 3, 10, 2, 11, 3, 6, 4, 9, 3, 3, 11, 4, 10, 4, 8, 11, 8, 4, 4, 11, 1, 9, 1, 11] f(x) = 0.12249317669395984
Best solution in generation 31 is: x = [3, 8, 4, 4, 4, 6, 8, 8, 9, 2, 3, 9, 3, 1, 2, 3, 10, 8, 9, 8, 10, 9, 1, 8, 9, 8, 7, 8, 11, 9, 8, 10, 6, 3, 2, 9, 4, 9, 3, 10, 2, 11, 3, 6, 4, 9, 3, 3, 11, 4, 10, 4, 8, 11, 8, 4, 4, 11, 1, 9, 1, 11] f(x) = 0.12249317669395984
Best solution in generation 32 is: x = [3, 8, 4, 4, 4, 6, 8, 8, 9, 2, 3, 9, 3, 2, 3, 3, 10, 8, 9, 8, 10, 9, 1, 8, 9, 8, 7, 8, 11, 9, 8, 10, 6, 3, 2, 9, 4, 9, 3, 10, 2, 11, 3, 6, 4, 9, 3, 3, 11, 4, 10, 4, 8, 11, 8, 4, 4, 11, 1, 9, 1, 11] f(x) = 0.12393694869664958
Best solution in generation 33 is: x = [3, 8, 4, 4, 4, 6, 8, 8, 9, 2, 3, 9, 3, 2, 3, 3, 10, 8, 9, 8, 10, 9, 1, 8, 9, 8, 7, 8, 11, 9, 8, 10, 6, 3, 2, 9, 4, 9, 3, 10, 2, 11, 3, 6, 4, 9, 3, 3, 11, 4, 10, 4, 8, 11, 8, 4, 4, 11, 1, 9, 1, 11] f(x) = 0.12393694869664958
Best solution in generation 34 is: x = [3, 8, 4, 11, 4, 6, 8, 8, 9, 11, 3, 9, 3, 2, 2, 3, 10, 8, 9, 8, 10, 9, 2, 8, 9, 8, 7, 8, 11, 9, 8, 11, 2, 3, 2, 9, 5, 9, 3, 6, 2, 11, 3, 3, 4, 9, 3, 3, 11, 3, 10, 8, 8, 11, 2, 4, 4, 11, 1, 9, 1, 11] f(x) = 0.13036470076341905
Best solution in generation 35 is: x = [3, 8, 4, 11, 4, 6, 8, 8, 9, 11, 3, 9, 3, 2, 2, 3, 10, 8, 9, 8, 10, 9, 2, 8, 9, 8, 8, 8, 11, 9, 8, 11, 2, 3, 2, 9, 5, 9, 3, 6, 2, 11, 3, 3, 4, 9, 3, 3, 11, 3, 10, 8, 8, 11, 2, 4, 4, 11, 1, 9, 1, 11] f(x) = 0.13912622127289254
Best solution in generation 36 is: x = [3, 8, 4, 11, 4, 6, 8, 8, 9, 11, 3, 9, 3, 2, 2, 3, 10, 8, 9, 8, 10, 9, 2, 8, 9, 8, 8, 8, 11, 9, 8, 11, 2, 3, 2, 9, 5, 9, 3, 6, 2, 11, 3, 3, 4, 9, 3, 3, 11, 3, 10, 8, 8, 11, 2, 4, 4, 11, 1, 9, 1, 11] f(x) = 0.13912622127289254
Best solution in generation 37 is: x = [3, 8, 4, 11, 4, 6, 8, 8, 9, 11, 3, 9, 3, 2, 2, 3, 10, 8, 9, 8, 10, 9, 2, 8, 9, 8, 8, 8, 11, 9, 8, 11, 2, 3, 2, 9, 5, 9, 3, 9, 2, 11, 3, 3, 4, 9, 3, 3, 11, 3, 10, 8, 8, 11, 8, 4, 4, 11, 1, 9, 1, 11] f(x) = 0.14770974249436303
Best solution in generation 38 is: x = [3, 8, 4, 11, 4, 6, 8, 8, 9, 11, 3, 9, 3, 2, 2, 3, 10, 8, 9, 8, 10, 9, 2, 8, 9, 8, 8, 8, 11, 9, 8, 11, 2, 3, 2, 9, 5, 9, 3, 9, 2, 11, 3, 3, 4, 9, 3, 3, 11, 3, 10, 8, 8, 11, 8, 4, 4, 11, 1, 9, 1, 11] f(x) = 0.14770974249436303
Best solution in generation 39 is: x = [3, 8, 4, 11, 4, 6, 8, 8, 9, 11, 3, 9, 3, 2, 2, 3, 10, 8, 9, 8, 10, 9, 2, 8, 9, 8, 8, 8, 11, 9, 8, 11, 2, 3, 2, 9, 5, 9, 3, 9, 2, 11, 3, 3, 4, 9, 3, 3, 11, 3, 10, 8, 8, 11, 8, 4, 4, 11, 1, 9, 1, 11] f(x) = 0.14770974249436303
Best solution in generation 40 is: x = [3, 8, 4, 11, 4, 6, 8, 8, 9, 11, 3, 9, 3, 2, 2, 3, 10, 8, 9, 8, 10, 9, 2, 8, 9, 8, 8, 8, 11, 9, 8, 11, 2, 3, 2, 9, 5, 9, 3, 9, 2, 11, 3, 3, 4, 9, 3, 3, 11, 3, 10, 8, 8, 11, 8, 4, 4, 11, 1, 9, 1, 11] f(x) = 0.14770974249436303
Best solution in generation 41 is: x = [3, 8, 4, 11, 4, 6, 8, 8, 9, 11, 3, 9, 3, 2, 2, 3, 10, 8, 9, 8, 10, 9, 2, 8, 9, 8, 8, 8, 11, 9, 8, 11, 2, 3, 2, 9, 5, 9, 3, 9, 2, 11, 3, 3, 4, 9, 3, 3, 11, 3, 10, 8, 8, 11, 8, 4, 4, 11, 1, 9, 1, 11] f(x) = 0.14770974249436303
Best solution in generation 42 is: x = [3, 8, 4, 11, 4, 6, 8, 8, 9, 11, 3, 9, 3, 2, 2, 3, 10, 8, 9, 8, 10, 9, 2, 8, 9, 8, 8, 8, 11, 9, 8, 11, 2, 3, 2, 9, 5, 9, 3, 9, 2, 11, 3, 3, 4, 9, 3, 3, 11, 3, 10, 8, 8, 11, 8, 4, 4, 11, 1, 9, 1, 11] f(x) = 0.14770974249436303
Best solution in generation 43 is: x = [3, 8, 4, 11, 4, 6, 8, 8, 9, 11, 3, 9, 3, 2, 2, 3, 10, 8, 9, 8, 10, 9, 2, 8, 9, 8, 8, 8, 11, 9, 8, 11, 2, 3, 2, 9, 5, 9, 3, 9, 2, 11, 3, 3, 4, 9, 3, 3, 11, 3, 10, 8, 8, 11, 8, 4, 4, 11, 1, 9, 1, 11] f(x) = 0.14770974249436303
Best solution in generation 44 is: x = [3, 8, 4, 11, 4, 6, 8, 8, 9, 11, 3, 9, 3, 2, 2, 3, 10, 8, 9, 8, 10, 9, 2, 8, 9, 8, 8, 8, 11, 9, 8, 11, 2, 3, 2, 9, 5, 9, 3, 9, 2, 11, 3, 3, 4, 9, 3, 3, 11, 3, 10, 8, 8, 11, 8, 4, 4, 11, 1, 9, 1, 11] f(x) = 0.14770974249436303
Best solution in generation 45 is: x = [3, 8, 4, 11, 11, 6, 8, 8, 9, 11, 3, 9, 3, 2, 2, 3, 10, 8, 9, 8, 10, 9, 2, 8, 9, 8, 8, 8, 11, 9, 8, 11, 2, 3, 2, 9, 5, 9, 3, 9, 2, 11, 10, 3, 4, 9, 3, 3, 11, 3, 10, 9, 4, 9, 8, 4, 4, 11, 1, 9, 1, 11] f(x) = 0.1541177168624654
Best solution in generation 46 is: x = [3, 8, 4, 11, 11, 6, 8, 8, 9, 11, 3, 9, 3, 2, 2, 3, 10, 8, 9, 8, 10, 9, 2, 8, 9, 8, 8, 8, 11, 9, 8, 11, 2, 3, 2, 9, 5, 9, 3, 9, 2, 11, 10, 3, 4, 9, 3, 3, 11, 3, 10, 9, 4, 9, 8, 4, 4, 11, 1, 9, 1, 11] f(x) = 0.1541177168624654
Best solution in generation 47 is: x = [3, 8, 4, 11, 11, 6, 8, 8, 9, 11, 3, 9, 3, 2, 2, 3, 10, 8, 9, 8, 10, 9, 2, 8, 9, 8, 8, 8, 11, 9, 8, 11, 2, 3, 2, 9, 5, 9, 3, 9, 2, 11, 10, 3, 4, 9, 3, 3, 11, 3, 10, 9, 4, 9, 8, 4, 4, 11, 1, 9, 1, 11] f(x) = 0.1541177168624654
Best solution in generation 48 is: x = [3, 8, 4, 11, 4, 6, 8, 8, 9, 11, 3, 9, 3, 2, 2, 3, 10, 8, 9, 8, 10, 9, 2, 8, 9, 4, 8, 8, 11, 9, 8, 11, 2, 3, 2, 9, 5, 9, 3, 9, 2, 11, 3, 3, 4, 9, 3, 3, 11, 3, 10, 9, 11, 11, 8, 4, 4, 11, 7, 9, 1, 11] f(x) = 0.15514615719314861
Best solution in generation 49 is: x = [3, 8, 4, 11, 4, 6, 2, 8, 9, 11, 3, 6, 1, 2, 2, 3, 10, 8, 9, 8, 10, 9, 2, 8, 9, 8, 8, 8, 11, 9, 8, 11, 2, 3, 2, 9, 5, 9, 3, 9, 2, 11, 3, 3, 4, 9, 3, 3, 11, 3, 10, 9, 1, 11, 8, 4, 4, 11, 4, 9, 1, 11] f(x) = 0.15627348601716667
Best solution in generation 50 is: x = [3, 8, 4, 11, 4, 6, 2, 8, 9, 11, 3, 6, 1, 2, 2, 3, 10, 8, 9, 8, 10, 9, 2, 8, 9, 8, 8, 8, 11, 9, 8, 11, 2, 3, 2, 9, 5, 9, 3, 9, 2, 11, 3, 3, 4, 9, 3, 3, 11, 3, 10, 9, 1, 11, 8, 4, 4, 11, 4, 9, 1, 11] f(x) = 0.15627348601716667
Best solution in generation 51 is: x = [3, 8, 1, 11, 4, 6, 8, 8, 7, 11, 3, 5, 3, 11, 2, 3, 10, 8, 9, 8, 10, 9, 1, 5, 9, 8, 8, 8, 11, 9, 8, 1, 2, 3, 3, 9, 5, 7, 3, 6, 2, 11, 3, 3, 4, 9, 3, 3, 5, 3, 10, 9, 8, 11, 8, 3, 4, 11, 1, 9, 2, 11] f(x) = 0.16639966773466222
Best solution in generation 52 is: x = [3, 8, 1, 11, 4, 6, 8, 8, 7, 11, 3, 5, 3, 11, 2, 3, 10, 8, 9, 8, 10, 9, 1, 5, 9, 8, 8, 8, 11, 9, 8, 1, 2, 3, 3, 9, 5, 7, 3, 6, 2, 11, 3, 3, 4, 9, 3, 3, 5, 3, 10, 9, 8, 11, 8, 3, 4, 11, 1, 9, 2, 11] f(x) = 0.16639966773466222
Best solution in generation 53 is: x = [3, 8, 4, 11, 4, 6, 8, 8, 7, 11, 3, 5, 3, 11, 2, 3, 10, 8, 9, 8, 10, 9, 1, 5, 9, 8, 8, 8, 11, 9, 8, 1, 2, 3, 3, 9, 5, 5, 3, 6, 2, 11, 3, 3, 4, 9, 3, 3, 5, 3, 10, 9, 8, 11, 8, 3, 4, 11, 1, 9, 2, 11] f(x) = 0.1691487678493729
Best solution in generation 54 is: x = [3, 8, 1, 11, 4, 6, 8, 8, 7, 11, 3, 9, 3, 11, 2, 3, 10, 8, 9, 8, 10, 9, 1, 5, 9, 8, 8, 8, 11, 9, 8, 1, 2, 3, 3, 9, 5, 7, 3, 6, 2, 11, 3, 3, 4, 9, 3, 3, 5, 3, 10, 9, 8, 11, 8, 3, 4, 11, 1, 9, 2, 11] f(x) = 0.16924765634270775
Best solution in generation 55 is: x = [3, 8, 1, 11, 9, 6, 8, 8, 7, 11, 3, 5, 3, 11, 2, 6, 10, 8, 9, 8, 10, 9, 1, 5, 9, 8, 8, 8, 11, 9, 8, 1, 2, 3, 3, 9, 5, 3, 3, 6, 2, 11, 3, 3, 4, 9, 3, 3, 5, 3, 10, 9, 8, 11, 8, 7, 4, 11, 1, 9, 2, 11] f(x) = 0.16999920889205314
Best solution in generation 56 is: x = [3, 8, 1, 11, 4, 6, 8, 8, 7, 11, 3, 9, 3, 11, 2, 3, 10, 8, 9, 8, 10, 9, 1, 5, 9, 8, 8, 8, 11, 9, 8, 1, 2, 3, 3, 9, 5, 2, 3, 6, 2, 11, 3, 3, 4, 9, 3, 3, 5, 3, 10, 9, 8, 11, 8, 3, 4, 11, 1, 9, 2, 11] f(x) = 0.17183853486808254
Best solution in generation 57 is: x = [3, 8, 1, 11, 4, 6, 8, 8, 7, 11, 3, 9, 3, 11, 2, 3, 10, 8, 9, 8, 10, 9, 1, 5, 9, 8, 8, 8, 11, 9, 8, 1, 2, 3, 3, 9, 5, 2, 3, 6, 2, 11, 3, 3, 4, 9, 3, 3, 5, 3, 10, 9, 8, 11, 8, 3, 4, 11, 1, 9, 2, 11] f(x) = 0.17183853486808254
Best solution in generation 58 is: x = [3, 8, 1, 11, 4, 6, 8, 8, 7, 11, 3, 9, 3, 11, 2, 3, 10, 8, 9, 8, 10, 9, 1, 5, 9, 8, 8, 8, 11, 9, 8, 1, 2, 3, 3, 9, 5, 2, 3, 6, 2, 11, 3, 3, 4, 9, 3, 3, 5, 3, 10, 9, 8, 11, 8, 3, 4, 11, 1, 9, 2, 11] f(x) = 0.17183853486808254
Best solution in generation 59 is: x = [3, 8, 1, 11, 4, 6, 8, 8, 7, 11, 3, 9, 3, 11, 2, 3, 10, 8, 9, 8, 10, 9, 1, 5, 9, 8, 8, 8, 11, 9, 8, 1, 2, 3, 2, 9, 5, 2, 3, 6, 2, 11, 3, 3, 7, 9, 3, 3, 5, 3, 10, 9, 8, 11, 8, 3, 4, 11, 1, 9, 2, 11] f(x) = 0.17272853130809673
Best solution in generation 60 is: x = [3, 8, 1, 11, 4, 6, 8, 8, 7, 11, 3, 9, 3, 11, 2, 3, 10, 8, 9, 8, 10, 9, 1, 5, 9, 8, 8, 8, 11, 9, 8, 1, 2, 3, 2, 9, 5, 2, 3, 6, 2, 11, 3, 3, 7, 9, 3, 3, 5, 3, 10, 9, 8, 11, 8, 3, 4, 11, 1, 9, 2, 11] f(x) = 0.17272853130809673
Best solution in generation 61 is: x = [3, 8, 1, 11, 4, 4, 8, 8, 7, 11, 3, 9, 3, 11, 2, 3, 10, 8, 9, 8, 10, 9, 1, 5, 9, 8, 8, 8, 11, 9, 8, 1, 2, 3, 3, 9, 11, 2, 3, 6, 2, 11, 3, 3, 7, 9, 3, 3, 5, 3, 10, 9, 2, 11, 8, 3, 4, 11, 1, 9, 2, 11] f(x) = 0.17702029191883212
Best solution in generation 62 is: x = [3, 8, 1, 11, 4, 4, 8, 8, 7, 11, 3, 9, 3, 11, 2, 3, 10, 8, 9, 8, 10, 9, 1, 5, 9, 8, 8, 8, 6, 9, 8, 1, 2, 3, 3, 9, 11, 2, 3, 6, 2, 11, 3, 3, 7, 9, 3, 3, 5, 3, 10, 9, 2, 11, 8, 3, 4, 11, 1, 9, 2, 11] f(x) = 0.17777184446817745
Best solution in generation 63 is: x = [3, 8, 1, 11, 4, 4, 8, 8, 7, 11, 3, 9, 3, 11, 2, 3, 10, 8, 9, 8, 10, 9, 1, 5, 9, 8, 8, 8, 6, 9, 8, 1, 2, 3, 3, 9, 11, 2, 3, 6, 2, 11, 3, 3, 7, 9, 3, 3, 5, 3, 10, 9, 2, 11, 8, 3, 4, 11, 1, 9, 2, 11] f(x) = 0.17777184446817745
Best solution in generation 64 is: x = [3, 8, 1, 11, 4, 4, 8, 8, 7, 11, 3, 9, 3, 11, 2, 3, 10, 8, 9, 8, 10, 9, 1, 5, 9, 8, 8, 8, 6, 9, 8, 1, 2, 3, 3, 9, 11, 2, 3, 6, 2, 11, 3, 3, 7, 9, 3, 3, 5, 3, 10, 9, 2, 11, 8, 3, 4, 11, 1, 9, 2, 11] f(x) = 0.17777184446817745
Best solution in generation 65 is: x = [3, 8, 1, 2, 4, 4, 8, 8, 9, 11, 3, 9, 3, 11, 2, 3, 10, 8, 9, 8, 10, 9, 1, 5, 9, 8, 8, 8, 11, 9, 8, 1, 2, 3, 3, 3, 5, 2, 3, 6, 2, 11, 3, 3, 7, 9, 3, 3, 11, 3, 10, 9, 2, 11, 8, 3, 4, 11, 1, 1, 2, 5] f(x) = 0.17868161860685866
Best solution in generation 66 is: x = [3, 8, 1, 11, 4, 4, 8, 8, 7, 11, 3, 9, 3, 11, 3, 3, 10, 8, 9, 8, 10, 9, 1, 7, 9, 8, 8, 8, 11, 9, 8, 1, 2, 3, 3, 9, 11, 2, 3, 6, 2, 11, 3, 3, 1, 9, 3, 3, 11, 3, 10, 9, 2, 11, 8, 3, 4, 11, 1, 9, 2, 5] f(x) = 0.1802440568015504
Best solution in generation 67 is: x = [3, 8, 9, 11, 4, 4, 11, 8, 7, 11, 3, 9, 3, 11, 3, 3, 10, 8, 9, 8, 10, 9, 11, 5, 9, 8, 8, 8, 11, 9, 8, 1, 6, 3, 3, 9, 5, 2, 3, 6, 2, 11, 3, 3, 3, 9, 3, 3, 5, 3, 10, 9, 8, 11, 8, 8, 4, 11, 1, 9, 2, 11] f(x) = 0.1811538309402316
Best solution in generation 68 is: x = [3, 8, 9, 11, 4, 4, 11, 8, 7, 11, 3, 9, 3, 11, 3, 3, 10, 8, 9, 8, 10, 9, 11, 5, 9, 8, 8, 8, 11, 9, 8, 1, 6, 3, 3, 9, 5, 2, 3, 6, 2, 11, 3, 3, 3, 9, 3, 3, 5, 3, 10, 9, 8, 11, 8, 8, 4, 11, 3, 9, 2, 11] f(x) = 0.18429848502828192
Best solution in generation 69 is: x = [3, 8, 3, 11, 4, 11, 5, 8, 7, 11, 3, 9, 3, 11, 2, 11, 10, 8, 9, 8, 10, 9, 1, 5, 9, 8, 8, 8, 11, 9, 8, 1, 11, 3, 2, 9, 5, 2, 3, 6, 2, 11, 3, 3, 3, 9, 3, 3, 5, 3, 10, 9, 8, 11, 8, 11, 4, 11, 1, 9, 2, 11] f(x) = 0.18742336141766527
Best solution in generation 70 is: x = [3, 8, 3, 11, 4, 11, 5, 8, 7, 11, 3, 9, 3, 11, 2, 11, 10, 8, 9, 8, 10, 9, 1, 5, 9, 8, 8, 8, 11, 9, 8, 1, 11, 3, 2, 9, 5, 2, 3, 6, 2, 11, 3, 3, 3, 9, 3, 3, 5, 3, 10, 9, 8, 11, 8, 11, 4, 11, 1, 9, 2, 11] f(x) = 0.18742336141766527
Best solution in generation 71 is: x = [3, 8, 3, 11, 4, 6, 8, 8, 7, 11, 3, 9, 3, 11, 3, 4, 10, 8, 9, 8, 10, 9, 1, 5, 9, 8, 8, 8, 11, 9, 8, 1, 2, 3, 3, 9, 5, 5, 3, 6, 2, 11, 3, 3, 3, 9, 3, 3, 5, 3, 10, 9, 8, 11, 8, 11, 4, 11, 3, 9, 2, 11] f(x) = 0.18922313199636076
Best solution in generation 72 is: x = [3, 8, 3, 11, 4, 6, 8, 8, 7, 11, 3, 9, 3, 11, 3, 4, 10, 8, 9, 8, 10, 9, 1, 5, 9, 8, 8, 8, 11, 9, 8, 1, 2, 3, 3, 9, 5, 5, 3, 6, 2, 11, 3, 3, 3, 9, 3, 3, 5, 3, 10, 9, 8, 11, 8, 11, 4, 11, 3, 9, 2, 11] f(x) = 0.18922313199636076
Best solution in generation 73 is: x = [3, 8, 3, 11, 4, 6, 8, 8, 7, 11, 3, 9, 3, 11, 3, 4, 10, 8, 9, 8, 10, 9, 1, 5, 9, 8, 8, 8, 11, 9, 8, 1, 2, 3, 3, 9, 5, 5, 3, 6, 2, 11, 3, 3, 3, 9, 3, 3, 5, 3, 10, 9, 8, 11, 8, 11, 4, 11, 3, 9, 2, 11] f(x) = 0.18922313199636076
Best solution in generation 74 is: x = [3, 8, 3, 11, 4, 6, 8, 8, 7, 11, 3, 9, 3, 11, 3, 4, 10, 8, 9, 8, 10, 9, 1, 5, 9, 8, 8, 8, 11, 9, 8, 1, 2, 3, 3, 9, 5, 5, 3, 6, 2, 11, 3, 3, 3, 9, 3, 3, 5, 3, 10, 9, 8, 11, 8, 11, 4, 11, 3, 9, 2, 11] f(x) = 0.18922313199636076
Best solution in generation 75 is: x = [3, 8, 1, 11, 4, 4, 11, 8, 7, 11, 3, 9, 3, 11, 3, 9, 10, 8, 9, 8, 10, 9, 1, 5, 9, 8, 8, 8, 10, 9, 8, 1, 2, 3, 3, 9, 5, 2, 3, 6, 2, 11, 3, 3, 3, 9, 3, 3, 5, 3, 10, 9, 5, 11, 8, 8, 4, 11, 5, 9, 2, 11] f(x) = 0.20075353031921192
Best solution in generation 76 is: x = [3, 8, 1, 11, 4, 4, 11, 8, 7, 11, 3, 9, 3, 11, 3, 9, 10, 8, 9, 8, 10, 9, 1, 5, 9, 8, 8, 8, 10, 9, 8, 1, 2, 3, 3, 9, 5, 2, 3, 6, 2, 11, 3, 3, 3, 9, 3, 3, 5, 3, 10, 9, 5, 11, 8, 8, 4, 11, 5, 9, 2, 11] f(x) = 0.20075353031921192
Best solution in generation 77 is: x = [3, 8, 1, 11, 4, 4, 11, 8, 7, 11, 3, 9, 3, 11, 3, 9, 10, 8, 9, 8, 10, 9, 1, 5, 9, 8, 8, 8, 10, 9, 8, 1, 2, 3, 3, 9, 5, 2, 3, 6, 2, 11, 3, 3, 3, 9, 3, 3, 5, 3, 10, 9, 5, 11, 8, 8, 4, 11, 5, 9, 2, 11] f(x) = 0.20075353031921192
Best solution in generation 78 is: x = [3, 8, 1, 11, 4, 4, 11, 8, 7, 11, 3, 9, 3, 11, 3, 9, 10, 8, 9, 8, 10, 9, 1, 5, 9, 8, 8, 8, 10, 9, 8, 1, 2, 3, 3, 9, 5, 2, 3, 6, 2, 11, 3, 3, 3, 9, 3, 3, 5, 3, 10, 9, 5, 11, 8, 8, 4, 11, 5, 9, 2, 11] f(x) = 0.20075353031921192
Best solution in generation 79 is: x = [3, 8, 1, 11, 4, 4, 11, 8, 7, 11, 3, 9, 3, 11, 3, 9, 10, 8, 9, 8, 10, 9, 1, 5, 9, 8, 8, 8, 10, 9, 8, 1, 2, 3, 3, 9, 5, 2, 3, 6, 2, 11, 3, 3, 3, 9, 3, 3, 5, 3, 10, 9, 5, 11, 8, 8, 4, 11, 5, 9, 2, 11] f(x) = 0.20075353031921192
Best solution in generation 80 is: x = [3, 8, 1, 11, 4, 4, 11, 8, 7, 11, 3, 9, 3, 11, 3, 9, 10, 8, 9, 8, 10, 9, 1, 5, 9, 8, 8, 8, 10, 9, 8, 1, 2, 3, 3, 9, 5, 2, 3, 6, 2, 11, 3, 3, 3, 9, 3, 3, 5, 3, 10, 9, 5, 11, 8, 8, 4, 11, 5, 9, 2, 11] f(x) = 0.20075353031921192
Best solution in generation 81 is: x = [3, 8, 1, 11, 4, 4, 11, 8, 7, 11, 3, 9, 3, 11, 3, 9, 10, 8, 9, 8, 10, 9, 1, 5, 9, 8, 8, 8, 10, 9, 8, 1, 2, 3, 3, 9, 5, 2, 3, 6, 2, 11, 3, 3, 3, 9, 3, 3, 5, 3, 10, 9, 5, 11, 8, 8, 4, 11, 5, 9, 2, 11] f(x) = 0.20075353031921192
Best solution in generation 82 is: x = [3, 8, 1, 11, 4, 4, 11, 8, 7, 11, 3, 9, 3, 11, 3, 9, 10, 8, 9, 8, 10, 9, 1, 5, 9, 8, 8, 8, 10, 9, 8, 1, 2, 3, 3, 9, 5, 2, 3, 6, 2, 11, 3, 3, 3, 9, 3, 3, 5, 3, 10, 9, 5, 11, 8, 8, 4, 11, 5, 9, 2, 11] f(x) = 0.20075353031921192
Best solution in generation 83 is: x = [3, 8, 1, 11, 4, 4, 11, 8, 7, 11, 3, 9, 3, 11, 3, 9, 10, 8, 9, 8, 10, 9, 1, 5, 9, 8, 8, 8, 10, 9, 8, 1, 2, 3, 3, 9, 5, 2, 3, 6, 2, 11, 3, 3, 3, 9, 3, 3, 5, 3, 10, 9, 5, 11, 8, 8, 4, 11, 5, 9, 2, 11] f(x) = 0.20075353031921192
Best solution in generation 84 is: x = [3, 8, 1, 11, 4, 4, 11, 8, 7, 11, 3, 9, 3, 11, 3, 9, 10, 8, 9, 8, 10, 9, 1, 5, 9, 8, 8, 8, 10, 9, 8, 1, 2, 3, 3, 9, 5, 2, 3, 6, 2, 11, 3, 3, 3, 9, 3, 3, 5, 3, 10, 9, 5, 11, 8, 8, 4, 11, 5, 9, 2, 11] f(x) = 0.20075353031921192
Best solution in generation 85 is: x = [3, 8, 1, 11, 4, 4, 11, 8, 7, 11, 3, 9, 3, 11, 3, 9, 10, 8, 9, 8, 10, 9, 1, 5, 9, 8, 8, 8, 10, 9, 8, 1, 2, 3, 3, 9, 5, 2, 3, 6, 2, 11, 3, 3, 3, 9, 3, 3, 5, 3, 10, 9, 5, 11, 8, 8, 4, 11, 5, 9, 2, 11] f(x) = 0.20075353031921192
Best solution in generation 86 is: x = [3, 8, 1, 11, 4, 4, 11, 8, 7, 11, 3, 9, 3, 11, 3, 9, 10, 8, 9, 8, 10, 9, 1, 5, 9, 8, 8, 8, 10, 9, 8, 1, 2, 3, 3, 9, 5, 2, 3, 6, 2, 11, 3, 3, 3, 9, 3, 3, 5, 3, 10, 9, 5, 11, 8, 8, 4, 11, 5, 9, 2, 11] f(x) = 0.20075353031921192
Best solution in generation 87 is: x = [3, 8, 3, 9, 10, 4, 11, 8, 7, 11, 3, 9, 3, 11, 3, 9, 10, 8, 9, 8, 10, 9, 5, 5, 9, 8, 8, 8, 10, 9, 8, 1, 2, 3, 3, 9, 5, 2, 3, 2, 2, 1, 3, 3, 3, 9, 3, 3, 5, 3, 10, 9, 5, 11, 8, 8, 4, 11, 3, 9, 2, 11] f(x) = 0.2037399628179264
Best solution in generation 88 is: x = [3, 8, 3, 9, 10, 4, 11, 8, 7, 11, 3, 9, 3, 11, 3, 9, 10, 8, 9, 8, 10, 9, 5, 5, 9, 8, 8, 8, 10, 9, 8, 1, 2, 3, 3, 9, 5, 2, 3, 2, 2, 1, 3, 3, 3, 9, 3, 3, 5, 3, 10, 9, 5, 11, 8, 8, 4, 11, 3, 9, 2, 11] f(x) = 0.2037399628179264
Best solution in generation 89 is: x = [3, 8, 3, 9, 10, 4, 11, 8, 7, 11, 3, 9, 3, 11, 3, 9, 10, 8, 9, 8, 10, 9, 5, 5, 9, 8, 8, 8, 10, 9, 8, 1, 2, 3, 3, 9, 5, 2, 3, 2, 2, 1, 3, 3, 3, 9, 3, 3, 5, 3, 10, 9, 5, 11, 8, 8, 4, 11, 3, 9, 2, 11] f(x) = 0.2037399628179264
Best solution in generation 90 is: x = [3, 8, 3, 9, 10, 4, 11, 8, 7, 11, 3, 9, 3, 11, 3, 9, 10, 8, 9, 8, 10, 9, 5, 5, 9, 8, 8, 8, 10, 9, 8, 1, 2, 3, 3, 9, 5, 2, 3, 2, 2, 1, 3, 3, 3, 9, 3, 3, 5, 3, 10, 9, 5, 11, 8, 8, 4, 11, 3, 9, 2, 11] f(x) = 0.2037399628179264
Best solution in generation 91 is: x = [3, 8, 3, 9, 10, 4, 11, 8, 7, 11, 3, 9, 3, 11, 3, 9, 10, 1, 9, 8, 10, 9, 5, 5, 9, 8, 8, 8, 10, 9, 8, 1, 2, 3, 3, 9, 5, 2, 3, 2, 2, 11, 3, 3, 3, 9, 3, 3, 5, 3, 10, 9, 5, 11, 8, 8, 4, 11, 3, 9, 2, 11] f(x) = 0.20828883351133248
Best solution in generation 92 is: x = [3, 8, 3, 9, 10, 11, 11, 8, 7, 11, 3, 9, 3, 11, 3, 9, 10, 8, 9, 8, 10, 9, 5, 5, 9, 8, 8, 8, 10, 9, 8, 1, 2, 3, 3, 9, 5, 2, 3, 2, 2, 1, 3, 3, 3, 9, 3, 3, 5, 3, 10, 9, 5, 11, 8, 8, 4, 11, 3, 9, 2, 11] f(x) = 0.2086843874846721
Best solution in generation 93 is: x = [3, 8, 3, 9, 10, 11, 11, 8, 6, 11, 3, 9, 3, 11, 3, 9, 10, 1, 9, 8, 10, 9, 5, 5, 9, 8, 8, 8, 10, 9, 8, 1, 2, 3, 3, 9, 5, 2, 3, 2, 2, 11, 3, 3, 3, 9, 3, 3, 5, 3, 10, 9, 5, 11, 8, 8, 4, 11, 3, 9, 2, 11] f(x) = 0.21307503658874238
Best solution in generation 94 is: x = [3, 8, 3, 9, 10, 11, 11, 8, 6, 11, 3, 9, 3, 11, 3, 9, 10, 1, 9, 8, 10, 9, 5, 5, 9, 8, 8, 8, 10, 9, 8, 1, 2, 3, 3, 9, 5, 2, 3, 2, 2, 11, 3, 3, 3, 9, 3, 3, 5, 3, 10, 9, 5, 11, 8, 8, 4, 11, 3, 9, 2, 11] f(x) = 0.21307503658874238
Best solution in generation 95 is: x = [3, 8, 3, 9, 10, 11, 11, 8, 6, 11, 3, 9, 3, 11, 3, 9, 10, 1, 9, 8, 10, 9, 5, 5, 9, 8, 8, 8, 10, 9, 8, 1, 2, 3, 3, 9, 5, 2, 3, 2, 2, 11, 3, 3, 3, 9, 3, 3, 5, 3, 10, 9, 5, 11, 8, 8, 4, 11, 3, 9, 2, 11] f(x) = 0.21307503658874238
Best solution in generation 96 is: x = [3, 8, 3, 9, 10, 11, 11, 8, 6, 11, 3, 9, 3, 11, 3, 9, 10, 1, 9, 8, 10, 9, 5, 5, 9, 8, 8, 8, 10, 9, 8, 1, 2, 3, 3, 9, 5, 2, 3, 2, 2, 11, 3, 3, 3, 9, 3, 3, 5, 3, 10, 9, 5, 11, 8, 8, 4, 11, 3, 9, 2, 11] f(x) = 0.21307503658874238
Best solution in generation 97 is: x = [3, 8, 3, 9, 10, 11, 11, 8, 6, 11, 3, 9, 3, 11, 3, 9, 10, 1, 9, 8, 10, 9, 5, 5, 9, 8, 8, 8, 10, 9, 8, 1, 2, 3, 3, 9, 5, 2, 3, 2, 2, 11, 3, 3, 3, 9, 3, 3, 5, 3, 10, 9, 5, 11, 8, 8, 4, 11, 3, 9, 2, 11] f(x) = 0.21307503658874238
Best solution in generation 98 is: x = [3, 8, 3, 9, 10, 11, 11, 8, 6, 11, 3, 9, 3, 11, 3, 9, 10, 1, 9, 8, 10, 9, 5, 5, 9, 8, 8, 8, 10, 9, 8, 1, 2, 3, 3, 9, 5, 2, 3, 2, 2, 11, 3, 3, 3, 9, 3, 3, 5, 3, 10, 9, 5, 11, 8, 8, 4, 11, 3, 9, 2, 11] f(x) = 0.21307503658874238
Best solution in generation 99 is: x = [3, 8, 3, 9, 10, 11, 11, 8, 6, 11, 3, 9, 3, 11, 3, 9, 10, 1, 9, 8, 10, 9, 5, 5, 9, 8, 8, 8, 10, 9, 8, 1, 2, 3, 3, 9, 5, 2, 3, 2, 2, 11, 3, 3, 3, 9, 3, 3, 5, 3, 10, 9, 5, 11, 8, 8, 4, 11, 3, 9, 2, 11] f(x) = 0.21307503658874238
Best repres&fitness: [3, 8, 3, 9, 10, 11, 11, 8, 6, 11, 3, 9, 3, 11, 3, 9, 10, 1, 9, 8, 10, 9, 5, 5, 9, 8, 8, 8, 10, 9, 8, 1, 2, 3, 3, 9, 5, 2, 3, 2, 2, 11, 3, 3, 3, 9, 3, 3, 5, 3, 10, 9, 5, 11, 8, 8, 4, 11, 3, 9, 2, 11] 0.21307503658874238
Nr. de comunitati: 10
Node - culoare comunitate: 
0 - 3
1 - 8
2 - 3
3 - 9
4 - 10
5 - 11
6 - 11
7 - 8
8 - 6
9 - 11
10 - 3
11 - 9
12 - 3
13 - 11
14 - 3
15 - 9
16 - 10
17 - 1
18 - 9
19 - 8
20 - 10
21 - 9
22 - 5
23 - 5
24 - 9
25 - 8
26 - 8
27 - 8
28 - 10
29 - 9
30 - 8
31 - 1
32 - 2
33 - 3
34 - 3
35 - 9
36 - 5
37 - 2
38 - 3
39 - 2
40 - 2
41 - 11
42 - 3
43 - 3
44 - 3
45 - 9
46 - 3
47 - 3
48 - 5
49 - 3
50 - 10
51 - 9
52 - 5
53 - 11
54 - 8
55 - 8
56 - 4
57 - 11
58 - 3
59 - 9
60 - 2
61 - 11
