Best solution in generation 0 is: x = [8, 7, 7, 4, 5, 9, 6, 8, 2, 11, 5, 11, 9, 5, 9, 6, 3, 2, 3, 10, 1, 3, 1, 10, 8, 10, 8, 2, 2, 5, 9, 3, 4, 5, 7, 3, 9, 10, 1, 2, 11, 5, 4, 7, 4, 3, 10, 7, 7, 9, 1, 7, 11, 3, 8, 8, 2, 6, 10, 5, 5, 1, 2, 3, 9, 6, 9, 3, 2, 8, 2, 11, 11, 5, 8, 11, 11, 7, 10, 8, 8, 3, 3, 3, 4, 11, 7, 6, 6, 10, 10, 4, 7, 8, 4, 6, 2, 2, 3, 3, 3, 5, 7, 2, 9, 10, 11, 9, 1, 10, 6, 5, 9, 4, 1] f(x) = 0.031884615282261095
Best solution in generation 1 is: x = [8, 7, 7, 4, 5, 9, 6, 8, 2, 11, 5, 11, 9, 5, 9, 6, 3, 2, 3, 10, 1, 3, 1, 10, 8, 10, 1, 2, 2, 5, 9, 3, 4, 5, 7, 3, 9, 10, 1, 2, 11, 5, 4, 7, 4, 3, 10, 7, 7, 9, 1, 7, 11, 3, 8, 8, 2, 6, 10, 5, 5, 1, 2, 3, 9, 6, 9, 3, 2, 8, 2, 11, 11, 5, 8, 11, 11, 7, 10, 8, 8, 3, 3, 3, 4, 11, 7, 6, 6, 10, 10, 4, 7, 8, 4, 6, 2, 2, 3, 3, 3, 5, 7, 2, 9, 10, 11, 9, 1, 10, 6, 5, 9, 4, 1] f(x) = 0.03379536364096019
Best solution in generation 2 is: x = [8, 7, 7, 4, 5, 9, 6, 8, 2, 11, 5, 11, 9, 5, 9, 6, 3, 2, 3, 10, 1, 3, 1, 10, 8, 10, 1, 2, 2, 5, 9, 3, 4, 5, 7, 3, 9, 10, 1, 2, 11, 5, 4, 7, 4, 3, 10, 7, 7, 9, 1, 7, 11, 3, 8, 8, 2, 6, 10, 5, 5, 1, 2, 3, 9, 6, 9, 3, 2, 8, 2, 11, 11, 5, 8, 11, 11, 7, 10, 8, 8, 3, 3, 3, 4, 11, 7, 6, 6, 10, 10, 4, 7, 8, 4, 6, 2, 2, 3, 3, 3, 5, 7, 2, 9, 10, 11, 9, 1, 10, 6, 5, 9, 4, 1] f(x) = 0.03379536364096019
Best solution in generation 3 is: x = [8, 7, 7, 4, 8, 9, 4, 8, 2, 11, 5, 10, 9, 5, 9, 6, 3, 2, 3, 3, 9, 10, 1, 10, 1, 10, 8, 2, 2, 5, 9, 3, 4, 5, 7, 7, 9, 10, 1, 2, 11, 5, 4, 7, 4, 3, 10, 7, 7, 9, 1, 7, 11, 3, 8, 8, 2, 6, 10, 5, 5, 1, 2, 3, 9, 6, 9, 3, 2, 8, 2, 11, 11, 5, 8, 11, 11, 7, 10, 5, 3, 4, 10, 8, 4, 11, 7, 6, 6, 10, 10, 4, 7, 8, 4, 6, 2, 2, 3, 3, 3, 5, 7, 2, 9, 10, 9, 9, 1, 10, 6, 6, 9, 4, 1] f(x) = 0.03589372726329212
Best solution in generation 4 is: x = [8, 7, 7, 4, 5, 9, 6, 8, 2, 11, 5, 10, 9, 5, 9, 6, 3, 2, 3, 10, 1, 3, 1, 10, 2, 10, 8, 2, 2, 5, 9, 3, 4, 5, 7, 7, 9, 10, 1, 2, 11, 8, 4, 7, 4, 3, 10, 7, 7, 6, 1, 7, 11, 3, 8, 8, 2, 6, 10, 5, 5, 1, 2, 3, 9, 6, 9, 3, 2, 8, 2, 11, 11, 5, 8, 11, 11, 7, 10, 5, 3, 3, 3, 3, 4, 11, 7, 6, 6, 10, 10, 4, 7, 8, 4, 6, 2, 2, 3, 3, 3, 5, 7, 2, 9, 10, 11, 9, 1, 10, 6, 5, 9, 4, 1] f(x) = 0.036485846357735746
Best solution in generation 5 is: x = [8, 7, 7, 4, 5, 9, 6, 8, 2, 11, 5, 10, 9, 5, 9, 6, 3, 2, 3, 10, 1, 3, 1, 10, 2, 10, 8, 2, 2, 5, 9, 3, 4, 5, 7, 7, 9, 10, 1, 2, 11, 8, 4, 7, 4, 3, 10, 7, 7, 6, 1, 7, 11, 3, 8, 8, 2, 6, 10, 5, 5, 1, 2, 3, 9, 6, 9, 3, 2, 8, 2, 11, 11, 5, 8, 11, 11, 7, 10, 5, 3, 3, 3, 3, 4, 11, 7, 6, 6, 10, 10, 4, 7, 8, 4, 6, 2, 2, 3, 3, 3, 5, 7, 2, 9, 10, 11, 9, 1, 10, 6, 10, 9, 4, 1] f(x) = 0.03893282841320072
Best solution in generation 6 is: x = [8, 7, 7, 4, 5, 9, 6, 8, 2, 11, 5, 10, 9, 5, 9, 6, 3, 2, 3, 10, 1, 3, 1, 10, 2, 10, 2, 2, 2, 5, 9, 3, 9, 7, 7, 7, 9, 10, 1, 2, 11, 8, 4, 7, 4, 3, 10, 7, 7, 6, 1, 7, 11, 3, 8, 8, 2, 6, 10, 5, 5, 1, 2, 3, 9, 6, 9, 3, 2, 8, 2, 11, 11, 5, 8, 11, 11, 7, 10, 5, 3, 3, 3, 3, 4, 11, 7, 6, 6, 10, 10, 4, 7, 8, 4, 6, 2, 2, 3, 3, 3, 5, 7, 2, 9, 10, 11, 9, 1, 10, 6, 10, 9, 4, 1] f(x) = 0.040779707745982274
Best solution in generation 7 is: x = [8, 7, 7, 4, 5, 9, 6, 8, 2, 11, 5, 11, 9, 5, 9, 4, 3, 2, 7, 10, 6, 3, 1, 10, 8, 10, 1, 2, 1, 4, 9, 3, 4, 5, 7, 3, 9, 10, 1, 2, 11, 5, 4, 7, 4, 3, 10, 7, 7, 9, 1, 7, 11, 3, 9, 8, 2, 6, 10, 5, 5, 7, 2, 3, 9, 6, 9, 3, 2, 8, 2, 11, 11, 5, 8, 11, 11, 7, 10, 8, 8, 3, 3, 3, 4, 11, 7, 6, 6, 10, 10, 4, 7, 8, 4, 6, 2, 2, 3, 3, 3, 5, 7, 2, 9, 10, 11, 6, 1, 10, 6, 5, 9, 4, 1] f(x) = 0.04207305552081208
Best solution in generation 8 is: x = [8, 7, 7, 4, 5, 9, 6, 8, 2, 11, 5, 10, 9, 5, 9, 6, 3, 2, 3, 10, 1, 3, 1, 10, 2, 10, 2, 2, 2, 5, 9, 3, 9, 7, 7, 7, 9, 10, 1, 2, 11, 8, 4, 7, 4, 8, 10, 7, 7, 6, 1, 7, 11, 3, 8, 8, 2, 6, 10, 5, 5, 1, 2, 3, 9, 6, 9, 3, 2, 8, 2, 11, 11, 5, 8, 11, 11, 7, 10, 5, 3, 3, 3, 3, 4, 11, 7, 6, 6, 10, 10, 4, 7, 8, 4, 6, 2, 2, 3, 3, 3, 5, 9, 10, 9, 10, 11, 9, 1, 10, 6, 10, 9, 4, 1] f(x) = 0.04519199295311752
Best solution in generation 9 is: x = [8, 7, 7, 4, 5, 9, 6, 10, 7, 1, 5, 11, 9, 5, 9, 6, 1, 2, 3, 10, 1, 3, 1, 10, 8, 10, 1, 2, 2, 5, 3, 3, 4, 10, 7, 9, 1, 10, 9, 5, 7, 5, 4, 7, 4, 3, 10, 7, 7, 9, 1, 7, 11, 3, 8, 8, 2, 6, 10, 5, 5, 1, 2, 3, 9, 6, 11, 3, 2, 8, 2, 11, 11, 5, 8, 11, 11, 7, 10, 8, 8, 3, 3, 3, 4, 11, 7, 6, 6, 10, 8, 6, 7, 8, 4, 6, 2, 2, 10, 3, 3, 5, 7, 2, 9, 10, 11, 9, 1, 10, 6, 5, 9, 4, 1] f(x) = 0.04548738719798613
Best solution in generation 10 is: x = [8, 7, 7, 4, 5, 9, 6, 10, 7, 1, 5, 11, 9, 5, 9, 6, 1, 2, 3, 10, 1, 3, 1, 10, 8, 10, 1, 2, 2, 5, 3, 3, 4, 10, 7, 7, 9, 10, 9, 5, 7, 5, 4, 7, 4, 3, 10, 7, 7, 9, 1, 7, 11, 3, 8, 8, 2, 6, 10, 5, 5, 1, 2, 3, 9, 6, 11, 3, 2, 8, 2, 11, 11, 5, 8, 11, 11, 7, 10, 8, 8, 3, 3, 3, 4, 11, 7, 6, 6, 10, 8, 6, 7, 8, 4, 6, 2, 2, 10, 3, 3, 5, 7, 2, 9, 10, 11, 9, 1, 10, 6, 5, 9, 4, 1] f(x) = 0.04681799190460108
Best solution in generation 11 is: x = [8, 7, 7, 4, 5, 9, 6, 10, 7, 1, 5, 11, 9, 5, 9, 6, 1, 2, 3, 10, 2, 2, 11, 10, 8, 10, 1, 2, 2, 5, 3, 3, 4, 10, 7, 9, 1, 10, 9, 5, 7, 5, 4, 7, 4, 3, 10, 7, 7, 9, 1, 7, 11, 3, 8, 8, 2, 6, 10, 5, 5, 1, 2, 3, 9, 6, 11, 3, 2, 8, 2, 11, 11, 5, 8, 6, 11, 7, 10, 8, 8, 3, 3, 3, 4, 11, 7, 6, 6, 10, 8, 6, 7, 8, 4, 6, 2, 2, 10, 3, 3, 5, 7, 2, 9, 10, 6, 9, 1, 10, 6, 5, 9, 4, 1] f(x) = 0.04872075663506048
Best solution in generation 12 is: x = [8, 7, 7, 4, 5, 9, 6, 10, 7, 1, 5, 11, 9, 5, 9, 6, 1, 2, 3, 10, 2, 2, 11, 10, 8, 10, 1, 2, 2, 5, 3, 3, 4, 10, 7, 9, 1, 10, 9, 5, 7, 5, 4, 7, 4, 3, 10, 7, 7, 9, 1, 7, 11, 3, 8, 8, 2, 6, 10, 5, 5, 1, 2, 3, 9, 6, 11, 3, 2, 8, 2, 11, 11, 5, 8, 6, 11, 7, 10, 8, 8, 3, 3, 3, 4, 11, 7, 6, 6, 10, 8, 6, 7, 8, 4, 6, 2, 2, 10, 3, 3, 5, 7, 2, 9, 10, 6, 9, 1, 10, 6, 1, 9, 4, 1] f(x) = 0.04953641732021546
Best solution in generation 13 is: x = [8, 7, 7, 4, 5, 9, 6, 10, 7, 1, 5, 11, 9, 5, 9, 6, 1, 2, 3, 10, 2, 2, 1, 10, 2, 10, 1, 2, 2, 5, 3, 3, 4, 10, 7, 9, 1, 10, 9, 5, 7, 5, 4, 1, 4, 6, 10, 7, 7, 9, 1, 7, 11, 3, 8, 8, 2, 6, 10, 5, 5, 1, 2, 3, 9, 6, 11, 3, 2, 8, 2, 11, 11, 5, 8, 6, 11, 7, 10, 8, 8, 3, 3, 3, 4, 11, 7, 6, 6, 10, 8, 6, 7, 8, 4, 6, 2, 2, 10, 3, 3, 5, 7, 2, 9, 10, 6, 9, 1, 10, 6, 5, 9, 4, 1] f(x) = 0.05191154672152317
Best solution in generation 14 is: x = [8, 7, 7, 4, 5, 9, 10, 2, 11, 11, 3, 8, 9, 5, 9, 4, 3, 2, 3, 10, 6, 3, 1, 10, 1, 10, 1, 2, 1, 4, 9, 8, 8, 2, 7, 7, 9, 10, 1, 2, 11, 5, 4, 7, 4, 3, 10, 7, 7, 9, 1, 7, 11, 3, 9, 8, 2, 6, 10, 5, 5, 7, 2, 3, 7, 6, 9, 3, 2, 8, 2, 11, 11, 5, 8, 11, 11, 7, 10, 8, 8, 3, 3, 3, 4, 11, 7, 6, 6, 10, 10, 4, 7, 8, 4, 6, 2, 2, 3, 3, 9, 5, 9, 10, 9, 10, 2, 6, 1, 10, 6, 10, 5, 4, 1] f(x) = 0.054717792047774154
Best solution in generation 15 is: x = [8, 7, 7, 4, 5, 9, 10, 2, 11, 11, 3, 8, 9, 5, 9, 4, 3, 2, 3, 10, 6, 3, 1, 10, 1, 10, 1, 2, 1, 4, 9, 8, 8, 2, 7, 7, 9, 10, 1, 2, 11, 5, 4, 7, 4, 3, 10, 7, 7, 9, 1, 7, 11, 3, 9, 8, 2, 6, 10, 5, 5, 7, 2, 3, 7, 6, 9, 3, 2, 8, 2, 11, 11, 5, 8, 11, 11, 7, 10, 8, 8, 3, 3, 3, 4, 11, 7, 6, 6, 10, 10, 4, 7, 8, 4, 6, 2, 2, 3, 3, 9, 5, 9, 10, 9, 10, 2, 6, 1, 10, 6, 10, 9, 4, 1] f(x) = 0.0555334527329292
Best solution in generation 16 is: x = [8, 7, 7, 4, 5, 4, 10, 2, 11, 11, 3, 8, 9, 5, 9, 4, 3, 2, 3, 10, 6, 3, 1, 10, 1, 10, 1, 2, 1, 4, 9, 8, 8, 2, 7, 7, 9, 10, 1, 2, 11, 5, 4, 7, 4, 3, 10, 7, 7, 9, 1, 7, 11, 3, 9, 8, 2, 6, 10, 5, 5, 7, 2, 3, 7, 6, 9, 3, 2, 8, 2, 11, 11, 5, 8, 11, 11, 7, 10, 8, 8, 3, 3, 3, 4, 11, 7, 6, 6, 10, 10, 4, 7, 8, 4, 6, 2, 2, 3, 3, 9, 5, 9, 10, 9, 10, 2, 6, 1, 10, 6, 10, 9, 4, 1] f(x) = 0.05724461038563603
Best solution in generation 17 is: x = [8, 7, 7, 4, 5, 9, 10, 2, 11, 11, 3, 8, 9, 5, 9, 4, 3, 2, 3, 10, 2, 2, 11, 10, 8, 10, 1, 2, 1, 4, 9, 8, 8, 2, 7, 7, 9, 10, 1, 2, 11, 5, 4, 7, 4, 3, 10, 7, 7, 9, 1, 7, 11, 3, 9, 8, 2, 6, 10, 5, 5, 7, 2, 3, 7, 6, 9, 3, 2, 8, 2, 11, 11, 5, 8, 11, 11, 7, 10, 8, 8, 3, 3, 3, 4, 11, 7, 8, 6, 10, 10, 4, 7, 8, 4, 6, 2, 2, 3, 3, 9, 5, 9, 10, 9, 10, 2, 6, 1, 10, 6, 10, 5, 2, 1] f(x) = 0.06047531861329711
Best solution in generation 18 is: x = [8, 7, 7, 4, 5, 9, 10, 2, 11, 11, 3, 8, 9, 5, 9, 4, 3, 2, 3, 10, 2, 2, 11, 10, 8, 10, 1, 2, 1, 4, 9, 8, 8, 2, 7, 7, 9, 10, 1, 2, 11, 5, 4, 7, 4, 3, 10, 7, 7, 9, 1, 7, 11, 3, 9, 8, 2, 6, 10, 5, 5, 7, 2, 3, 7, 6, 9, 3, 2, 8, 2, 11, 11, 5, 8, 11, 11, 7, 10, 8, 8, 3, 3, 3, 4, 11, 7, 8, 6, 10, 10, 4, 7, 8, 4, 6, 2, 2, 3, 3, 9, 5, 9, 10, 9, 10, 2, 6, 1, 10, 6, 10, 5, 2, 1] f(x) = 0.06047531861329711
Best solution in generation 19 is: x = [8, 7, 7, 4, 5, 9, 10, 2, 11, 11, 3, 8, 9, 5, 9, 4, 3, 2, 3, 10, 2, 2, 11, 10, 8, 10, 1, 2, 1, 4, 9, 8, 8, 2, 7, 7, 9, 10, 1, 2, 11, 5, 4, 7, 4, 3, 10, 7, 7, 9, 1, 7, 11, 3, 9, 8, 2, 6, 10, 5, 5, 7, 2, 3, 7, 6, 9, 3, 2, 8, 2, 11, 11, 5, 8, 11, 11, 7, 10, 8, 8, 3, 3, 3, 4, 11, 7, 8, 6, 10, 10, 4, 7, 8, 4, 6, 2, 2, 3, 3, 9, 5, 9, 10, 9, 10, 2, 6, 1, 10, 6, 10, 5, 2, 1] f(x) = 0.06047531861329711
Best solution in generation 20 is: x = [8, 7, 7, 4, 5, 9, 6, 10, 11, 11, 3, 8, 9, 5, 9, 4, 3, 2, 3, 10, 6, 3, 1, 10, 1, 10, 1, 2, 1, 4, 8, 8, 8, 2, 7, 7, 9, 10, 1, 2, 11, 5, 4, 7, 4, 5, 10, 7, 7, 9, 1, 7, 11, 3, 9, 8, 2, 6, 10, 5, 5, 7, 2, 3, 7, 6, 9, 3, 2, 8, 2, 11, 11, 6, 8, 11, 11, 7, 10, 8, 8, 3, 3, 3, 4, 11, 7, 6, 6, 10, 10, 4, 7, 8, 4, 6, 2, 2, 3, 3, 3, 5, 7, 10, 9, 10, 2, 6, 1, 10, 6, 10, 9, 4, 1] f(x) = 0.060774704672285476
Best solution in generation 21 is: x = [8, 7, 7, 4, 5, 9, 6, 10, 11, 11, 3, 8, 9, 5, 9, 4, 3, 2, 3, 10, 6, 3, 1, 10, 1, 10, 1, 2, 1, 4, 8, 8, 8, 2, 7, 7, 9, 10, 1, 2, 11, 5, 4, 7, 4, 5, 10, 7, 7, 9, 1, 7, 11, 3, 9, 8, 2, 6, 10, 5, 5, 7, 2, 3, 7, 6, 9, 3, 2, 8, 2, 11, 11, 6, 8, 11, 11, 7, 10, 8, 8, 3, 3, 3, 4, 5, 7, 6, 6, 10, 10, 4, 7, 8, 4, 6, 2, 2, 3, 3, 3, 5, 7, 10, 9, 10, 2, 6, 1, 10, 6, 10, 9, 4, 1] f(x) = 0.06079200253347148
Best solution in generation 22 is: x = [8, 7, 7, 4, 5, 9, 6, 10, 11, 11, 3, 8, 9, 5, 9, 4, 3, 2, 3, 10, 6, 3, 1, 10, 1, 10, 1, 2, 1, 4, 8, 8, 8, 2, 7, 7, 9, 10, 1, 2, 11, 5, 4, 7, 4, 5, 10, 7, 7, 9, 1, 7, 11, 3, 9, 8, 2, 6, 10, 5, 5, 7, 2, 3, 7, 6, 9, 3, 2, 8, 6, 11, 11, 6, 8, 11, 11, 7, 10, 8, 8, 3, 3, 3, 4, 11, 7, 6, 6, 10, 8, 6, 7, 8, 4, 6, 2, 2, 3, 3, 3, 5, 7, 10, 9, 10, 2, 6, 1, 10, 6, 10, 9, 4, 1] f(x) = 0.06157838991508097
Best solution in generation 23 is: x = [8, 7, 7, 4, 5, 4, 10, 2, 7, 1, 5, 10, 9, 5, 9, 6, 3, 2, 3, 10, 1, 8, 1, 10, 8, 10, 11, 2, 2, 5, 1, 2, 4, 10, 7, 3, 5, 10, 9, 5, 11, 8, 4, 7, 4, 3, 10, 7, 7, 6, 1, 7, 11, 3, 8, 8, 2, 6, 10, 5, 5, 7, 2, 3, 4, 6, 9, 3, 2, 8, 2, 10, 11, 6, 8, 11, 11, 1, 10, 5, 3, 3, 3, 3, 4, 11, 7, 6, 6, 10, 10, 4, 7, 8, 7, 6, 2, 2, 11, 3, 3, 5, 9, 10, 9, 10, 4, 9, 1, 10, 6, 10, 9, 4, 1] f(x) = 0.06433673347189377
Best solution in generation 24 is: x = [8, 7, 7, 4, 5, 4, 10, 2, 7, 1, 5, 10, 9, 5, 9, 6, 3, 2, 3, 10, 1, 8, 1, 10, 8, 10, 11, 2, 2, 5, 1, 2, 4, 10, 7, 3, 5, 10, 9, 5, 11, 8, 4, 7, 4, 3, 10, 7, 7, 6, 1, 7, 11, 3, 8, 8, 2, 6, 10, 5, 5, 7, 2, 3, 4, 6, 9, 3, 2, 8, 2, 10, 11, 6, 8, 11, 11, 1, 10, 5, 3, 3, 3, 3, 4, 11, 7, 6, 6, 10, 10, 4, 7, 8, 7, 6, 2, 2, 11, 3, 3, 5, 9, 10, 9, 10, 4, 9, 1, 10, 6, 10, 9, 4, 1] f(x) = 0.06433673347189377
Best solution in generation 25 is: x = [8, 7, 7, 4, 5, 4, 10, 2, 7, 1, 5, 10, 9, 5, 9, 6, 3, 2, 3, 10, 6, 3, 1, 10, 8, 10, 11, 2, 2, 5, 1, 7, 4, 10, 7, 3, 5, 10, 9, 5, 11, 8, 4, 7, 4, 3, 10, 7, 7, 6, 1, 7, 11, 3, 8, 8, 2, 6, 10, 5, 5, 7, 2, 3, 4, 6, 9, 3, 2, 8, 2, 10, 11, 6, 8, 11, 11, 1, 10, 5, 3, 3, 3, 3, 4, 11, 7, 6, 6, 10, 10, 4, 7, 8, 7, 6, 2, 2, 11, 3, 3, 5, 9, 10, 9, 10, 4, 9, 1, 10, 6, 10, 9, 4, 1] f(x) = 0.0677976363137993
Best solution in generation 26 is: x = [8, 7, 7, 4, 5, 4, 10, 2, 7, 1, 5, 10, 9, 5, 9, 6, 3, 2, 3, 10, 6, 3, 1, 10, 8, 10, 11, 2, 2, 5, 1, 7, 4, 10, 7, 3, 5, 10, 9, 5, 11, 8, 4, 7, 4, 3, 10, 7, 7, 6, 1, 7, 11, 3, 8, 8, 2, 6, 10, 5, 5, 7, 2, 3, 4, 6, 9, 3, 2, 8, 2, 10, 11, 6, 8, 11, 11, 1, 10, 5, 3, 3, 3, 3, 4, 11, 7, 6, 6, 10, 10, 4, 7, 8, 7, 6, 2, 2, 11, 3, 3, 5, 9, 10, 9, 10, 4, 9, 1, 10, 6, 10, 9, 4, 1] f(x) = 0.0677976363137993
Best solution in generation 27 is: x = [8, 7, 7, 4, 5, 4, 6, 10, 11, 1, 5, 10, 9, 5, 9, 6, 3, 2, 3, 10, 6, 3, 1, 10, 8, 10, 11, 2, 2, 5, 1, 7, 4, 10, 7, 3, 5, 10, 9, 5, 11, 8, 4, 7, 4, 3, 6, 7, 7, 6, 1, 7, 11, 3, 8, 8, 2, 6, 10, 5, 5, 7, 2, 3, 4, 6, 9, 3, 2, 8, 2, 10, 11, 6, 8, 11, 11, 1, 10, 5, 3, 3, 3, 3, 4, 11, 7, 6, 6, 10, 10, 4, 7, 8, 7, 6, 2, 2, 11, 3, 3, 5, 9, 10, 9, 10, 4, 9, 1, 10, 6, 10, 9, 4, 1] f(x) = 0.0699545465432222
Best solution in generation 28 is: x = [8, 7, 7, 4, 5, 4, 5, 10, 11, 1, 5, 10, 9, 5, 9, 6, 3, 2, 3, 10, 6, 3, 1, 10, 8, 10, 11, 2, 2, 5, 1, 7, 4, 10, 7, 3, 5, 10, 9, 5, 11, 8, 4, 7, 4, 3, 6, 7, 7, 6, 1, 7, 11, 3, 8, 8, 2, 6, 10, 5, 5, 7, 2, 3, 7, 6, 11, 3, 2, 8, 2, 10, 11, 6, 8, 11, 11, 1, 10, 5, 3, 3, 3, 3, 4, 11, 7, 6, 6, 10, 10, 4, 7, 8, 7, 6, 2, 2, 11, 3, 3, 5, 9, 10, 9, 10, 4, 9, 1, 10, 6, 10, 9, 4, 1] f(x) = 0.07211944040088485
Best solution in generation 29 is: x = [8, 7, 7, 4, 5, 4, 5, 10, 11, 1, 5, 10, 9, 5, 9, 6, 3, 2, 3, 10, 6, 3, 1, 10, 8, 10, 11, 2, 2, 5, 1, 7, 4, 10, 7, 3, 5, 10, 9, 5, 11, 8, 4, 7, 4, 3, 6, 7, 7, 6, 1, 7, 11, 3, 8, 8, 2, 6, 10, 5, 5, 7, 2, 3, 7, 6, 11, 3, 2, 8, 2, 10, 11, 6, 8, 11, 11, 1, 10, 5, 3, 3, 3, 3, 4, 11, 7, 6, 6, 10, 10, 4, 7, 8, 7, 6, 2, 2, 11, 3, 3, 5, 9, 10, 9, 10, 4, 9, 1, 10, 6, 10, 9, 4, 1] f(x) = 0.07211944040088485
Best solution in generation 30 is: x = [8, 10, 7, 4, 5, 4, 6, 10, 11, 1, 5, 10, 9, 5, 9, 6, 3, 2, 3, 10, 6, 3, 1, 10, 8, 10, 11, 2, 2, 5, 1, 7, 4, 10, 7, 3, 5, 10, 9, 5, 11, 8, 4, 7, 4, 3, 6, 7, 7, 6, 1, 7, 11, 3, 8, 8, 2, 6, 10, 5, 5, 7, 2, 3, 4, 6, 9, 3, 2, 8, 2, 10, 11, 6, 8, 11, 11, 1, 10, 5, 3, 3, 3, 3, 4, 11, 7, 6, 6, 10, 10, 4, 7, 8, 1, 6, 2, 2, 11, 3, 3, 5, 9, 10, 9, 10, 4, 9, 1, 10, 6, 10, 9, 4, 1] f(x) = 0.0755696984051374
Best solution in generation 31 is: x = [8, 10, 7, 4, 5, 4, 6, 10, 11, 1, 5, 10, 9, 5, 9, 6, 3, 2, 3, 10, 6, 3, 1, 10, 8, 10, 11, 2, 2, 5, 1, 7, 4, 10, 7, 3, 5, 10, 9, 5, 11, 8, 4, 7, 4, 3, 6, 7, 7, 6, 1, 7, 11, 3, 8, 8, 2, 6, 10, 5, 5, 7, 2, 3, 4, 6, 9, 3, 2, 8, 2, 10, 11, 6, 8, 11, 11, 1, 10, 5, 3, 3, 3, 3, 4, 11, 7, 6, 6, 10, 10, 4, 7, 8, 1, 6, 2, 2, 11, 3, 3, 5, 9, 10, 9, 10, 4, 9, 1, 10, 6, 10, 9, 4, 1] f(x) = 0.0755696984051374
Best solution in generation 32 is: x = [8, 10, 7, 4, 5, 4, 6, 10, 11, 1, 5, 10, 9, 5, 9, 6, 3, 2, 3, 10, 6, 3, 1, 10, 8, 10, 11, 2, 2, 5, 1, 7, 4, 10, 11, 3, 5, 10, 9, 5, 11, 8, 4, 7, 4, 3, 6, 7, 7, 6, 1, 7, 11, 3, 8, 8, 2, 2, 10, 5, 5, 7, 2, 3, 4, 6, 9, 3, 2, 8, 2, 10, 11, 6, 8, 11, 11, 1, 10, 5, 3, 3, 3, 3, 4, 11, 7, 6, 6, 10, 10, 4, 7, 8, 1, 6, 2, 2, 11, 3, 3, 5, 9, 10, 9, 10, 4, 9, 1, 10, 6, 10, 9, 4, 1] f(x) = 0.0757746115299561
Best solution in generation 33 is: x = [8, 10, 7, 4, 5, 4, 6, 10, 11, 1, 5, 10, 9, 5, 9, 6, 3, 2, 3, 10, 6, 3, 1, 10, 8, 10, 11, 2, 2, 5, 1, 7, 4, 10, 11, 3, 5, 10, 9, 5, 11, 8, 4, 7, 4, 3, 6, 7, 7, 6, 1, 7, 11, 3, 8, 8, 2, 2, 10, 5, 5, 7, 2, 3, 4, 6, 9, 3, 2, 8, 2, 10, 11, 6, 8, 11, 11, 1, 10, 5, 3, 3, 3, 3, 4, 11, 7, 6, 6, 10, 10, 4, 7, 8, 1, 6, 2, 2, 11, 3, 3, 5, 9, 10, 9, 10, 4, 9, 1, 10, 6, 10, 9, 4, 1] f(x) = 0.0757746115299561
Best solution in generation 34 is: x = [8, 10, 7, 4, 5, 4, 6, 10, 11, 1, 5, 10, 9, 5, 9, 6, 3, 2, 3, 10, 6, 3, 1, 10, 8, 10, 11, 2, 2, 5, 1, 7, 4, 10, 7, 3, 5, 10, 9, 5, 11, 8, 4, 7, 4, 3, 6, 7, 2, 6, 1, 7, 11, 3, 8, 8, 2, 6, 10, 5, 5, 7, 2, 3, 4, 6, 9, 3, 2, 8, 2, 10, 11, 6, 8, 11, 11, 1, 10, 5, 3, 3, 3, 3, 4, 11, 7, 6, 6, 10, 10, 4, 7, 8, 5, 6, 2, 2, 11, 3, 3, 5, 9, 10, 9, 10, 4, 9, 1, 10, 6, 10, 9, 6, 1] f(x) = 0.07967993634387104
Best solution in generation 35 is: x = [8, 10, 7, 4, 5, 4, 6, 10, 11, 1, 5, 10, 9, 5, 9, 6, 3, 2, 3, 10, 6, 3, 1, 10, 8, 10, 11, 2, 2, 5, 1, 7, 4, 10, 7, 3, 5, 10, 9, 5, 11, 8, 4, 7, 4, 3, 6, 7, 2, 6, 1, 7, 11, 3, 8, 8, 2, 6, 10, 5, 5, 7, 2, 3, 4, 6, 9, 3, 2, 8, 2, 10, 11, 6, 8, 11, 11, 1, 10, 5, 3, 3, 3, 3, 4, 11, 7, 6, 6, 10, 10, 4, 7, 8, 5, 6, 2, 2, 11, 3, 3, 5, 9, 10, 9, 10, 4, 9, 1, 10, 6, 10, 9, 6, 1] f(x) = 0.07967993634387104
Best solution in generation 36 is: x = [8, 10, 7, 4, 5, 4, 6, 10, 11, 1, 5, 10, 9, 5, 9, 6, 3, 2, 3, 10, 6, 3, 1, 10, 8, 10, 11, 2, 2, 5, 1, 7, 4, 10, 7, 3, 5, 10, 9, 5, 11, 8, 4, 7, 4, 3, 6, 7, 2, 6, 1, 7, 11, 3, 8, 8, 2, 6, 10, 5, 5, 7, 2, 3, 4, 6, 9, 3, 2, 8, 2, 10, 11, 6, 8, 11, 11, 1, 10, 5, 3, 3, 3, 3, 4, 11, 7, 6, 6, 10, 10, 4, 7, 8, 5, 6, 2, 2, 11, 3, 3, 5, 9, 10, 9, 10, 4, 9, 1, 10, 6, 10, 9, 6, 1] f(x) = 0.07967993634387104
Best solution in generation 37 is: x = [8, 10, 7, 4, 5, 4, 6, 10, 11, 1, 5, 10, 9, 5, 9, 6, 3, 2, 3, 10, 6, 3, 1, 10, 8, 10, 11, 2, 2, 5, 1, 7, 4, 10, 7, 3, 5, 10, 9, 5, 11, 8, 4, 7, 4, 3, 6, 7, 2, 6, 1, 7, 11, 3, 8, 8, 2, 6, 10, 5, 5, 7, 2, 3, 4, 6, 9, 3, 2, 8, 2, 10, 11, 6, 8, 11, 11, 1, 10, 5, 3, 3, 3, 3, 4, 11, 7, 6, 6, 10, 10, 4, 7, 8, 5, 6, 2, 2, 11, 3, 3, 5, 9, 10, 9, 10, 4, 9, 1, 10, 6, 10, 9, 6, 1] f(x) = 0.07967993634387104
Best solution in generation 38 is: x = [8, 10, 7, 4, 11, 4, 6, 10, 11, 1, 5, 10, 9, 5, 9, 6, 3, 2, 3, 10, 6, 3, 1, 10, 8, 10, 11, 2, 2, 5, 1, 7, 4, 10, 11, 3, 5, 10, 9, 5, 11, 8, 4, 7, 4, 3, 6, 7, 7, 6, 1, 7, 11, 3, 8, 8, 2, 2, 10, 5, 5, 7, 2, 3, 4, 6, 9, 3, 2, 8, 2, 10, 11, 6, 8, 11, 2, 1, 10, 7, 3, 3, 3, 3, 4, 11, 7, 6, 6, 10, 10, 4, 7, 8, 1, 6, 2, 2, 11, 3, 3, 5, 9, 10, 9, 10, 4, 9, 1, 10, 6, 9, 9, 6, 1] f(x) = 0.07977840109216053
Best solution in generation 39 is: x = [8, 10, 7, 4, 5, 4, 6, 10, 11, 1, 5, 10, 9, 5, 9, 6, 3, 2, 3, 10, 6, 3, 1, 10, 8, 10, 11, 2, 2, 5, 1, 7, 4, 10, 7, 3, 5, 10, 9, 5, 11, 8, 4, 7, 4, 3, 6, 7, 2, 6, 1, 7, 11, 3, 8, 8, 2, 6, 10, 5, 5, 7, 2, 3, 4, 6, 9, 3, 2, 8, 2, 10, 11, 6, 8, 11, 11, 1, 10, 5, 3, 3, 3, 3, 4, 11, 7, 6, 6, 10, 10, 4, 7, 8, 5, 2, 2, 2, 11, 3, 3, 5, 9, 10, 9, 10, 4, 9, 1, 10, 6, 10, 9, 6, 1] f(x) = 0.08214687746993521
Best solution in generation 40 is: x = [8, 10, 7, 4, 5, 4, 6, 10, 11, 1, 5, 10, 9, 5, 9, 6, 3, 2, 3, 10, 6, 3, 1, 10, 8, 10, 11, 2, 2, 5, 1, 7, 4, 10, 7, 3, 5, 10, 9, 5, 11, 8, 4, 7, 4, 3, 6, 7, 2, 6, 1, 7, 11, 3, 8, 8, 2, 6, 10, 5, 5, 7, 2, 3, 4, 6, 9, 3, 2, 8, 2, 10, 11, 6, 8, 11, 11, 1, 10, 5, 10, 3, 3, 3, 4, 11, 7, 6, 6, 10, 10, 4, 7, 8, 5, 6, 2, 2, 11, 3, 3, 5, 9, 10, 9, 10, 4, 9, 1, 10, 6, 10, 9, 6, 3] f(x) = 0.08279355135735011
Best solution in generation 41 is: x = [8, 10, 7, 4, 11, 4, 6, 10, 11, 1, 5, 10, 9, 5, 9, 6, 3, 2, 3, 10, 6, 3, 1, 10, 8, 10, 11, 2, 2, 5, 1, 7, 3, 10, 11, 3, 5, 10, 9, 5, 11, 8, 4, 7, 4, 4, 6, 7, 7, 6, 1, 7, 11, 3, 8, 8, 2, 2, 10, 5, 5, 7, 2, 3, 4, 6, 9, 3, 2, 8, 2, 10, 11, 6, 8, 11, 2, 1, 10, 7, 3, 3, 3, 3, 4, 11, 7, 6, 6, 10, 10, 4, 7, 8, 1, 2, 2, 2, 11, 3, 3, 5, 9, 10, 9, 10, 4, 9, 1, 10, 6, 9, 9, 6, 1] f(x) = 0.0838287618190965
Best solution in generation 42 is: x = [8, 10, 7, 4, 5, 4, 6, 10, 11, 1, 5, 10, 9, 5, 9, 9, 3, 2, 3, 10, 6, 3, 1, 10, 8, 10, 11, 2, 10, 5, 6, 7, 4, 10, 7, 3, 5, 10, 9, 5, 11, 8, 4, 7, 4, 3, 6, 7, 2, 6, 1, 7, 11, 3, 8, 8, 2, 6, 10, 5, 5, 7, 2, 3, 4, 6, 9, 3, 2, 8, 2, 10, 11, 6, 8, 11, 11, 1, 10, 5, 3, 3, 3, 3, 4, 11, 7, 6, 6, 10, 10, 4, 7, 8, 5, 6, 2, 2, 11, 3, 3, 5, 9, 10, 9, 10, 4, 9, 1, 10, 6, 10, 9, 6, 3] f(x) = 0.08424657169697364
Best solution in generation 43 is: x = [8, 10, 7, 4, 5, 4, 6, 10, 11, 1, 5, 10, 9, 5, 9, 9, 3, 2, 3, 10, 6, 3, 1, 10, 8, 10, 11, 2, 10, 5, 6, 7, 4, 10, 7, 3, 5, 10, 9, 5, 11, 8, 4, 7, 4, 3, 6, 7, 2, 6, 1, 7, 11, 3, 8, 8, 2, 6, 10, 5, 5, 7, 2, 3, 4, 6, 9, 3, 2, 8, 2, 10, 11, 6, 8, 11, 11, 1, 10, 5, 3, 3, 3, 3, 4, 11, 7, 6, 6, 10, 10, 4, 7, 8, 5, 6, 2, 2, 11, 3, 3, 5, 9, 10, 9, 10, 4, 9, 1, 10, 6, 10, 11, 6, 3] f(x) = 0.08506223238212862
Best solution in generation 44 is: x = [8, 10, 7, 4, 5, 4, 6, 10, 11, 1, 5, 10, 9, 5, 9, 9, 3, 2, 3, 10, 6, 3, 1, 10, 8, 10, 11, 2, 10, 5, 6, 7, 4, 10, 7, 6, 5, 10, 9, 5, 11, 8, 4, 7, 4, 3, 6, 7, 2, 6, 1, 7, 11, 3, 8, 8, 2, 6, 10, 5, 5, 7, 2, 3, 4, 6, 9, 3, 2, 8, 2, 10, 11, 6, 8, 11, 11, 1, 10, 5, 3, 3, 3, 3, 4, 11, 7, 6, 6, 10, 10, 4, 7, 8, 5, 6, 2, 2, 11, 3, 3, 5, 9, 10, 9, 10, 4, 9, 1, 10, 6, 10, 11, 6, 3] f(x) = 0.08586192581080422
Best solution in generation 45 is: x = [8, 10, 7, 4, 5, 4, 6, 10, 1, 1, 5, 10, 9, 5, 9, 9, 3, 2, 3, 10, 6, 3, 1, 10, 8, 10, 11, 2, 10, 5, 6, 7, 4, 10, 7, 3, 5, 10, 9, 5, 11, 8, 4, 6, 4, 3, 6, 7, 2, 6, 1, 7, 11, 3, 8, 8, 2, 6, 10, 5, 5, 7, 2, 3, 4, 6, 9, 3, 2, 8, 2, 10, 11, 6, 8, 11, 2, 1, 10, 5, 3, 3, 3, 3, 4, 11, 7, 6, 6, 10, 10, 4, 7, 8, 5, 6, 2, 2, 11, 3, 3, 5, 9, 10, 9, 10, 4, 9, 1, 10, 6, 10, 9, 6, 3] f(x) = 0.08830092423802945
Best solution in generation 46 is: x = [8, 10, 7, 7, 5, 4, 6, 10, 11, 1, 8, 10, 9, 4, 9, 6, 9, 2, 3, 10, 6, 3, 1, 10, 8, 10, 11, 2, 2, 5, 1, 7, 4, 10, 7, 2, 5, 10, 9, 5, 11, 8, 4, 7, 4, 3, 6, 7, 7, 6, 1, 7, 11, 3, 8, 8, 2, 2, 5, 5, 5, 7, 2, 3, 4, 6, 9, 6, 2, 11, 2, 7, 11, 6, 8, 11, 11, 1, 10, 5, 3, 3, 3, 3, 4, 11, 7, 6, 6, 10, 10, 4, 7, 8, 5, 2, 2, 2, 11, 3, 3, 1, 9, 10, 9, 10, 4, 9, 1, 10, 6, 10, 9, 6, 8] f(x) = 0.08838608293925278
Best solution in generation 47 is: x = [8, 10, 7, 7, 5, 4, 6, 10, 11, 1, 8, 10, 9, 4, 9, 6, 9, 2, 3, 10, 6, 10, 1, 10, 8, 10, 11, 2, 2, 5, 1, 7, 4, 10, 7, 2, 5, 10, 9, 5, 11, 8, 4, 7, 4, 3, 6, 7, 7, 6, 1, 7, 11, 3, 8, 8, 2, 2, 5, 5, 5, 7, 2, 3, 4, 6, 9, 6, 2, 11, 2, 7, 11, 6, 8, 11, 11, 1, 10, 5, 3, 3, 3, 3, 4, 11, 7, 6, 6, 10, 10, 4, 7, 8, 5, 2, 2, 2, 11, 3, 3, 1, 9, 10, 9, 10, 4, 9, 1, 10, 6, 10, 9, 6, 8] f(x) = 0.08972999369293388
Best solution in generation 48 is: x = [8, 10, 7, 4, 5, 4, 6, 10, 11, 1, 5, 10, 9, 5, 9, 9, 3, 2, 3, 10, 6, 3, 1, 10, 8, 10, 11, 2, 10, 5, 6, 7, 4, 10, 7, 3, 10, 10, 9, 5, 11, 8, 4, 6, 4, 3, 6, 7, 2, 6, 1, 11, 11, 3, 8, 8, 2, 6, 10, 5, 5, 7, 2, 1, 4, 6, 9, 3, 2, 8, 2, 10, 11, 6, 8, 11, 2, 1, 10, 5, 5, 3, 3, 3, 4, 11, 7, 6, 6, 10, 10, 4, 7, 8, 5, 6, 2, 2, 11, 3, 3, 5, 9, 10, 9, 10, 4, 9, 1, 10, 6, 10, 9, 6, 3] f(x) = 0.09080778350529209
Best solution in generation 49 is: x = [8, 10, 7, 4, 5, 4, 6, 10, 11, 1, 5, 10, 9, 5, 9, 9, 3, 2, 3, 10, 6, 3, 1, 10, 8, 10, 11, 2, 10, 5, 6, 7, 4, 10, 7, 3, 10, 10, 9, 5, 11, 8, 4, 4, 4, 3, 6, 7, 2, 6, 1, 7, 11, 6, 8, 8, 2, 6, 10, 5, 5, 7, 2, 1, 4, 6, 9, 3, 2, 8, 2, 10, 11, 6, 8, 11, 2, 1, 10, 5, 5, 3, 3, 3, 4, 11, 7, 6, 6, 10, 10, 4, 7, 8, 5, 6, 2, 2, 11, 3, 3, 5, 9, 10, 9, 10, 4, 9, 1, 10, 6, 10, 9, 6, 3] f(x) = 0.09164739507516607
Best solution in generation 50 is: x = [8, 10, 7, 4, 5, 4, 6, 10, 11, 1, 5, 10, 9, 5, 9, 9, 3, 2, 3, 10, 6, 3, 1, 10, 8, 10, 11, 2, 10, 5, 6, 7, 4, 10, 7, 3, 10, 10, 9, 5, 11, 8, 4, 4, 4, 3, 6, 7, 2, 6, 1, 7, 11, 6, 8, 8, 2, 6, 10, 5, 5, 7, 2, 4, 4, 6, 9, 3, 2, 8, 2, 10, 11, 6, 8, 11, 2, 1, 10, 5, 5, 3, 3, 3, 4, 11, 7, 6, 6, 10, 10, 4, 7, 8, 5, 6, 2, 2, 11, 3, 3, 5, 9, 10, 9, 10, 4, 9, 1, 10, 6, 10, 9, 6, 3] f(x) = 0.09311904388068222
Best solution in generation 51 is: x = [8, 10, 7, 4, 5, 4, 6, 10, 11, 1, 5, 10, 9, 5, 9, 9, 3, 2, 3, 10, 6, 5, 1, 10, 8, 10, 11, 2, 10, 5, 6, 7, 4, 10, 7, 3, 10, 10, 9, 5, 11, 8, 4, 4, 4, 3, 6, 7, 2, 6, 2, 7, 11, 6, 8, 8, 2, 6, 10, 5, 5, 7, 2, 4, 4, 6, 9, 3, 2, 8, 2, 10, 11, 6, 8, 11, 2, 1, 10, 5, 5, 3, 3, 3, 4, 11, 7, 6, 6, 10, 10, 4, 7, 8, 5, 6, 2, 2, 11, 3, 3, 5, 9, 10, 9, 10, 4, 9, 1, 10, 6, 10, 9, 6, 3] f(x) = 0.09353818436326594
Best solution in generation 52 is: x = [8, 10, 7, 4, 5, 4, 6, 10, 11, 1, 5, 10, 9, 5, 9, 9, 3, 2, 3, 10, 6, 3, 1, 10, 8, 10, 11, 2, 10, 5, 6, 7, 4, 10, 7, 3, 10, 10, 9, 5, 11, 8, 4, 4, 4, 3, 6, 7, 2, 6, 8, 7, 11, 6, 8, 8, 2, 6, 10, 5, 5, 7, 2, 4, 4, 6, 9, 3, 2, 8, 2, 10, 11, 6, 8, 11, 2, 1, 10, 5, 5, 3, 3, 3, 4, 11, 7, 6, 6, 10, 10, 4, 7, 8, 5, 6, 2, 2, 11, 3, 3, 5, 9, 10, 9, 10, 4, 9, 1, 10, 6, 10, 9, 6, 3] f(x) = 0.0946106517567976
Best solution in generation 53 is: x = [8, 10, 7, 4, 5, 4, 6, 10, 11, 1, 5, 10, 9, 5, 9, 9, 3, 2, 3, 10, 6, 3, 1, 10, 8, 10, 11, 2, 10, 5, 6, 7, 4, 10, 7, 2, 10, 10, 9, 5, 11, 8, 4, 4, 4, 3, 6, 7, 2, 6, 1, 7, 11, 6, 8, 8, 2, 6, 10, 11, 5, 7, 2, 4, 4, 6, 9, 3, 2, 8, 2, 10, 11, 6, 8, 11, 2, 1, 10, 5, 5, 3, 3, 3, 4, 11, 7, 6, 6, 10, 10, 4, 7, 8, 5, 6, 2, 2, 11, 3, 3, 5, 9, 10, 3, 10, 4, 9, 1, 10, 6, 10, 9, 6, 3] f(x) = 0.0948222179051495
Best solution in generation 54 is: x = [8, 10, 7, 4, 5, 4, 6, 10, 11, 1, 5, 10, 9, 5, 9, 9, 3, 2, 3, 10, 6, 3, 1, 10, 8, 10, 11, 2, 10, 5, 6, 7, 4, 10, 7, 3, 10, 10, 9, 5, 11, 8, 4, 4, 4, 3, 6, 7, 2, 6, 8, 7, 11, 6, 8, 8, 2, 6, 10, 5, 5, 7, 2, 4, 4, 6, 9, 3, 2, 8, 2, 10, 11, 6, 8, 11, 2, 1, 10, 5, 5, 3, 3, 3, 4, 11, 7, 6, 6, 10, 10, 4, 7, 8, 5, 6, 2, 4, 11, 3, 3, 5, 9, 10, 9, 10, 4, 9, 1, 10, 6, 10, 9, 6, 3] f(x) = 0.09623665070828111
Best solution in generation 55 is: x = [8, 10, 7, 4, 5, 4, 6, 10, 11, 1, 5, 10, 9, 5, 9, 9, 3, 2, 3, 10, 6, 3, 1, 10, 8, 10, 11, 2, 10, 5, 6, 7, 4, 10, 7, 3, 10, 10, 9, 5, 11, 8, 4, 4, 4, 3, 6, 7, 2, 6, 8, 7, 11, 6, 8, 8, 2, 6, 10, 5, 5, 7, 2, 4, 4, 6, 9, 3, 2, 8, 2, 10, 11, 6, 8, 11, 2, 1, 10, 5, 5, 3, 3, 3, 4, 11, 7, 6, 6, 10, 10, 4, 7, 8, 5, 6, 2, 4, 11, 3, 3, 5, 9, 10, 9, 10, 4, 9, 1, 10, 6, 10, 9, 6, 3] f(x) = 0.09623665070828111
Best solution in generation 56 is: x = [8, 10, 7, 4, 5, 4, 6, 10, 11, 1, 5, 10, 9, 5, 9, 9, 3, 2, 3, 10, 6, 3, 1, 10, 8, 10, 11, 2, 10, 5, 6, 7, 4, 10, 7, 3, 10, 10, 9, 5, 11, 8, 4, 4, 4, 3, 6, 7, 2, 6, 8, 7, 11, 6, 8, 8, 2, 6, 10, 5, 5, 7, 2, 4, 4, 6, 9, 3, 2, 8, 2, 10, 11, 6, 8, 11, 2, 1, 10, 5, 5, 3, 3, 3, 4, 11, 7, 6, 6, 10, 10, 4, 7, 8, 5, 6, 2, 4, 11, 3, 3, 5, 9, 10, 9, 10, 4, 9, 1, 10, 6, 10, 9, 6, 3] f(x) = 0.09623665070828111
Best solution in generation 57 is: x = [8, 10, 7, 4, 5, 4, 6, 10, 11, 1, 5, 10, 9, 5, 9, 9, 3, 2, 3, 10, 6, 3, 1, 10, 8, 10, 11, 2, 10, 5, 6, 7, 4, 10, 7, 3, 10, 10, 9, 5, 11, 8, 4, 4, 4, 10, 6, 7, 2, 6, 8, 7, 11, 6, 8, 8, 2, 6, 10, 5, 5, 7, 2, 4, 4, 6, 9, 3, 2, 8, 2, 10, 11, 6, 8, 11, 2, 1, 10, 5, 5, 3, 3, 3, 4, 11, 7, 6, 6, 10, 10, 4, 7, 8, 5, 6, 2, 4, 11, 3, 3, 5, 9, 10, 9, 10, 4, 9, 1, 10, 6, 10, 9, 6, 3] f(x) = 0.10248916222466492
Best solution in generation 58 is: x = [8, 10, 7, 4, 5, 4, 6, 10, 11, 1, 5, 10, 9, 5, 9, 9, 3, 2, 3, 10, 6, 1, 1, 10, 8, 10, 11, 2, 10, 5, 6, 7, 4, 10, 7, 3, 10, 10, 9, 5, 11, 8, 4, 4, 4, 10, 6, 7, 2, 6, 8, 7, 11, 6, 8, 8, 2, 6, 10, 5, 5, 7, 2, 4, 4, 6, 9, 3, 2, 8, 2, 10, 11, 6, 8, 11, 2, 1, 10, 5, 5, 3, 3, 3, 4, 11, 7, 6, 6, 10, 10, 4, 7, 8, 5, 6, 2, 4, 11, 3, 3, 5, 9, 10, 9, 10, 4, 9, 1, 10, 6, 10, 9, 6, 3] f(x) = 0.10519162038379991
Best solution in generation 59 is: x = [8, 10, 7, 4, 5, 4, 6, 10, 11, 1, 5, 10, 9, 5, 9, 9, 3, 2, 3, 10, 6, 1, 1, 10, 8, 10, 11, 2, 10, 5, 6, 7, 4, 10, 7, 3, 10, 10, 9, 5, 11, 8, 4, 4, 4, 10, 6, 7, 2, 6, 8, 7, 11, 6, 8, 8, 2, 6, 10, 5, 5, 7, 2, 4, 4, 6, 9, 3, 2, 8, 2, 10, 11, 6, 8, 11, 2, 1, 10, 5, 5, 3, 3, 3, 4, 11, 7, 6, 6, 10, 10, 4, 7, 8, 5, 6, 2, 4, 11, 3, 3, 5, 9, 10, 9, 10, 4, 9, 1, 10, 6, 10, 9, 6, 3] f(x) = 0.10519162038379991
Best solution in generation 60 is: x = [8, 10, 7, 4, 5, 4, 4, 10, 11, 1, 5, 10, 9, 5, 9, 9, 3, 2, 3, 10, 6, 3, 1, 10, 8, 10, 11, 2, 10, 5, 6, 7, 7, 10, 7, 3, 10, 10, 9, 5, 11, 8, 4, 4, 4, 10, 6, 7, 2, 6, 8, 7, 11, 6, 8, 8, 2, 6, 10, 5, 5, 7, 2, 4, 4, 6, 9, 3, 2, 8, 2, 10, 11, 6, 8, 11, 2, 1, 10, 5, 5, 3, 3, 3, 4, 11, 7, 6, 6, 10, 10, 4, 7, 8, 5, 6, 2, 4, 11, 3, 3, 5, 9, 10, 3, 10, 4, 9, 1, 10, 6, 10, 9, 6, 3] f(x) = 0.10684423142941567
Best solution in generation 61 is: x = [8, 10, 7, 4, 5, 4, 4, 10, 11, 1, 5, 10, 9, 5, 9, 9, 3, 2, 3, 10, 6, 3, 1, 10, 8, 10, 11, 2, 10, 5, 6, 7, 7, 10, 7, 3, 10, 10, 9, 5, 11, 8, 4, 4, 4, 10, 6, 7, 2, 6, 8, 7, 11, 6, 8, 8, 2, 6, 10, 5, 5, 7, 2, 4, 4, 6, 9, 3, 2, 8, 2, 10, 11, 6, 8, 11, 2, 1, 10, 5, 5, 3, 3, 3, 4, 11, 7, 6, 6, 10, 10, 4, 7, 8, 5, 6, 2, 4, 11, 3, 3, 5, 9, 10, 3, 10, 4, 9, 1, 10, 6, 10, 9, 6, 3] f(x) = 0.10684423142941567
Best solution in generation 62 is: x = [8, 10, 7, 4, 5, 4, 4, 10, 11, 1, 5, 10, 9, 5, 9, 9, 3, 2, 3, 10, 6, 3, 1, 10, 8, 10, 11, 2, 10, 5, 6, 7, 7, 10, 7, 3, 10, 10, 9, 5, 11, 8, 4, 4, 4, 10, 6, 7, 2, 6, 8, 7, 11, 6, 8, 8, 2, 6, 10, 5, 5, 7, 2, 4, 4, 6, 9, 3, 2, 8, 2, 10, 11, 6, 8, 11, 2, 1, 10, 5, 5, 3, 3, 3, 4, 11, 7, 6, 6, 10, 10, 4, 7, 8, 5, 6, 2, 4, 11, 3, 3, 5, 9, 10, 3, 10, 4, 9, 1, 10, 6, 10, 9, 6, 3] f(x) = 0.10684423142941567
Best solution in generation 63 is: x = [8, 10, 7, 4, 5, 4, 4, 10, 11, 1, 5, 10, 9, 5, 9, 9, 3, 2, 3, 10, 6, 3, 1, 10, 8, 10, 11, 2, 10, 5, 6, 7, 7, 10, 7, 3, 10, 10, 9, 5, 11, 8, 4, 4, 4, 10, 6, 7, 2, 6, 8, 7, 11, 6, 8, 8, 2, 6, 10, 5, 5, 7, 2, 4, 4, 6, 9, 3, 2, 8, 2, 10, 11, 6, 8, 11, 2, 1, 10, 5, 5, 3, 3, 3, 4, 11, 7, 6, 6, 10, 10, 4, 7, 8, 5, 6, 2, 4, 11, 3, 3, 5, 9, 10, 3, 10, 4, 9, 1, 10, 6, 10, 9, 6, 3] f(x) = 0.10684423142941567
Best solution in generation 64 is: x = [8, 10, 7, 4, 5, 4, 4, 10, 11, 1, 5, 10, 9, 5, 9, 9, 3, 2, 3, 10, 6, 3, 1, 10, 8, 10, 11, 2, 10, 5, 6, 7, 7, 10, 7, 3, 10, 10, 9, 5, 11, 8, 4, 4, 4, 10, 6, 7, 2, 6, 8, 7, 11, 6, 8, 8, 2, 6, 10, 5, 5, 7, 2, 4, 4, 6, 9, 3, 2, 8, 2, 10, 11, 6, 8, 11, 2, 1, 10, 5, 5, 3, 3, 3, 4, 11, 7, 6, 6, 10, 10, 4, 7, 8, 5, 6, 2, 4, 11, 3, 3, 5, 9, 10, 3, 10, 4, 9, 1, 10, 6, 10, 9, 6, 3] f(x) = 0.10684423142941567
Best solution in generation 65 is: x = [8, 10, 7, 4, 5, 4, 6, 10, 11, 1, 5, 10, 9, 5, 9, 9, 3, 2, 3, 10, 6, 1, 1, 10, 8, 10, 11, 2, 10, 5, 6, 7, 4, 10, 3, 3, 10, 10, 10, 5, 11, 8, 4, 4, 4, 10, 6, 7, 2, 6, 8, 7, 11, 6, 8, 8, 2, 6, 10, 5, 5, 7, 2, 4, 4, 6, 9, 3, 2, 8, 2, 10, 11, 6, 8, 11, 2, 1, 10, 5, 5, 3, 3, 3, 4, 11, 7, 6, 6, 10, 10, 4, 7, 8, 5, 6, 2, 4, 11, 3, 3, 5, 11, 10, 9, 10, 4, 9, 1, 10, 6, 10, 9, 6, 3] f(x) = 0.10797524543003845
Best solution in generation 66 is: x = [8, 10, 7, 4, 5, 4, 6, 10, 11, 1, 5, 10, 9, 5, 9, 9, 3, 2, 3, 10, 6, 1, 1, 10, 8, 10, 11, 2, 10, 5, 6, 7, 4, 10, 3, 3, 10, 10, 10, 5, 11, 8, 4, 4, 4, 10, 6, 7, 2, 6, 8, 7, 11, 6, 8, 6, 2, 6, 10, 5, 5, 7, 2, 4, 4, 6, 9, 3, 2, 8, 2, 10, 11, 6, 8, 11, 2, 1, 10, 5, 5, 3, 3, 3, 4, 11, 7, 6, 6, 10, 10, 4, 7, 8, 5, 6, 2, 4, 11, 3, 3, 5, 11, 10, 9, 10, 4, 9, 1, 10, 6, 10, 9, 6, 3] f(x) = 0.10858865419978792
Best solution in generation 67 is: x = [8, 10, 7, 11, 6, 4, 5, 10, 11, 1, 8, 10, 9, 5, 9, 7, 3, 2, 3, 10, 6, 1, 1, 10, 8, 10, 11, 2, 10, 5, 6, 11, 4, 10, 7, 3, 10, 10, 9, 5, 11, 8, 4, 4, 4, 10, 6, 7, 2, 6, 8, 2, 11, 6, 8, 8, 2, 6, 10, 11, 5, 7, 2, 4, 4, 6, 9, 3, 2, 8, 2, 10, 11, 6, 8, 11, 2, 1, 10, 5, 5, 3, 3, 3, 4, 11, 7, 6, 6, 10, 10, 4, 7, 8, 5, 6, 2, 4, 11, 3, 7, 5, 9, 10, 9, 10, 4, 9, 1, 10, 6, 10, 9, 6, 3] f(x) = 0.10970769275805105
Best solution in generation 68 is: x = [8, 10, 7, 11, 6, 4, 5, 10, 11, 1, 8, 10, 9, 5, 9, 7, 3, 2, 3, 3, 6, 1, 1, 10, 8, 10, 11, 2, 10, 5, 6, 11, 4, 10, 7, 3, 10, 10, 9, 5, 11, 8, 4, 4, 4, 10, 6, 7, 2, 6, 8, 2, 11, 6, 8, 8, 2, 6, 10, 11, 5, 7, 2, 4, 4, 6, 9, 3, 2, 8, 2, 10, 11, 6, 8, 11, 2, 1, 10, 5, 5, 3, 3, 3, 4, 11, 7, 6, 6, 10, 10, 4, 7, 8, 5, 6, 2, 4, 11, 3, 7, 5, 9, 10, 9, 10, 4, 9, 1, 10, 6, 10, 9, 6, 3] f(x) = 0.11030646487602776
Best solution in generation 69 is: x = [8, 10, 7, 11, 6, 4, 5, 10, 11, 1, 8, 10, 9, 5, 9, 7, 3, 2, 3, 3, 6, 1, 1, 10, 8, 10, 11, 2, 10, 5, 6, 11, 4, 10, 7, 3, 10, 10, 9, 5, 11, 8, 4, 4, 4, 10, 6, 7, 2, 6, 8, 2, 11, 6, 8, 8, 2, 6, 10, 11, 5, 7, 2, 4, 4, 6, 9, 3, 2, 8, 2, 10, 11, 6, 8, 11, 2, 1, 10, 5, 5, 3, 3, 3, 4, 11, 7, 6, 6, 10, 10, 4, 7, 8, 5, 6, 2, 4, 11, 3, 7, 5, 9, 10, 9, 10, 4, 9, 1, 10, 6, 10, 9, 6, 3] f(x) = 0.11030646487602776
Best solution in generation 70 is: x = [8, 10, 7, 11, 6, 4, 5, 10, 11, 1, 8, 10, 9, 5, 9, 7, 3, 2, 3, 3, 6, 1, 1, 10, 8, 10, 11, 2, 10, 5, 6, 11, 4, 10, 7, 3, 10, 10, 9, 5, 11, 8, 4, 4, 4, 10, 6, 7, 2, 6, 8, 2, 11, 6, 8, 8, 2, 6, 10, 11, 5, 7, 2, 4, 4, 6, 9, 3, 2, 8, 2, 10, 11, 6, 8, 11, 2, 1, 10, 5, 5, 3, 3, 3, 4, 11, 7, 6, 6, 10, 10, 4, 7, 8, 5, 6, 2, 4, 11, 3, 7, 5, 8, 10, 9, 10, 4, 9, 1, 10, 6, 10, 9, 6, 3] f(x) = 0.11105293411643886
Best solution in generation 71 is: x = [8, 10, 7, 11, 6, 4, 5, 10, 11, 1, 8, 10, 9, 5, 9, 7, 3, 2, 3, 10, 6, 1, 1, 10, 8, 10, 11, 2, 10, 5, 6, 11, 4, 10, 7, 3, 10, 10, 9, 5, 11, 8, 4, 4, 4, 10, 6, 7, 2, 6, 8, 2, 11, 6, 8, 8, 2, 6, 10, 11, 5, 7, 2, 4, 4, 6, 9, 3, 2, 8, 2, 10, 11, 6, 8, 5, 2, 1, 10, 5, 5, 3, 3, 3, 4, 11, 6, 6, 6, 10, 10, 4, 7, 8, 5, 6, 2, 4, 11, 3, 7, 5, 9, 10, 9, 10, 4, 9, 1, 10, 6, 10, 9, 6, 3] f(x) = 0.11122724333300535
Best solution in generation 72 is: x = [8, 10, 7, 11, 6, 4, 5, 10, 11, 1, 8, 10, 9, 5, 9, 7, 3, 2, 3, 10, 6, 1, 1, 10, 8, 10, 11, 2, 10, 5, 8, 11, 4, 10, 7, 3, 10, 10, 9, 5, 11, 8, 4, 4, 4, 10, 6, 7, 2, 6, 8, 2, 11, 6, 8, 8, 2, 6, 10, 11, 5, 7, 2, 4, 4, 6, 9, 3, 2, 8, 2, 10, 11, 6, 8, 5, 2, 1, 10, 5, 5, 3, 3, 3, 4, 11, 6, 6, 6, 10, 10, 4, 7, 8, 5, 6, 2, 4, 11, 3, 7, 5, 9, 10, 9, 10, 4, 9, 1, 10, 6, 10, 9, 6, 3] f(x) = 0.11308609810814647
Best solution in generation 73 is: x = [8, 10, 7, 11, 6, 4, 5, 10, 11, 1, 8, 10, 9, 5, 9, 7, 3, 2, 3, 10, 6, 1, 1, 10, 8, 10, 11, 2, 10, 5, 8, 11, 4, 10, 7, 3, 10, 10, 9, 5, 11, 8, 4, 4, 4, 10, 6, 7, 2, 6, 8, 2, 11, 6, 8, 8, 2, 6, 10, 11, 5, 7, 2, 4, 4, 6, 9, 3, 2, 8, 2, 10, 11, 6, 11, 5, 2, 1, 10, 5, 5, 3, 3, 3, 4, 11, 6, 6, 6, 10, 10, 4, 7, 8, 5, 6, 2, 4, 11, 3, 7, 5, 9, 10, 9, 10, 4, 9, 1, 10, 6, 10, 9, 6, 3] f(x) = 0.11550912927889238
Best solution in generation 74 is: x = [8, 10, 7, 11, 6, 4, 5, 10, 11, 1, 8, 10, 9, 5, 9, 7, 3, 2, 3, 10, 6, 1, 1, 10, 8, 10, 11, 2, 10, 5, 5, 11, 4, 10, 7, 3, 10, 10, 9, 5, 11, 8, 4, 4, 4, 10, 6, 7, 2, 6, 8, 2, 11, 6, 8, 8, 2, 6, 10, 11, 5, 7, 2, 4, 4, 6, 9, 3, 2, 8, 2, 10, 11, 6, 11, 5, 2, 1, 10, 5, 5, 3, 3, 3, 4, 11, 6, 6, 6, 10, 10, 4, 7, 8, 5, 6, 2, 4, 11, 3, 7, 5, 9, 10, 9, 10, 4, 9, 1, 10, 6, 10, 9, 6, 3] f(x) = 0.11709254887976424
Best solution in generation 75 is: x = [8, 10, 7, 11, 6, 4, 5, 10, 11, 1, 8, 10, 9, 5, 9, 7, 3, 2, 3, 10, 6, 1, 1, 10, 8, 10, 11, 2, 10, 5, 5, 11, 4, 10, 7, 3, 10, 10, 9, 5, 11, 8, 4, 4, 4, 10, 6, 7, 2, 6, 8, 2, 11, 6, 8, 8, 2, 6, 10, 11, 5, 7, 2, 4, 4, 6, 9, 3, 2, 8, 2, 10, 11, 6, 11, 5, 2, 1, 10, 5, 5, 3, 3, 3, 4, 11, 6, 6, 6, 10, 10, 4, 7, 8, 5, 6, 2, 4, 11, 3, 7, 5, 9, 10, 9, 10, 4, 9, 1, 10, 6, 10, 9, 6, 3] f(x) = 0.11709254887976424
Best solution in generation 76 is: x = [8, 10, 7, 11, 6, 4, 5, 10, 11, 1, 8, 10, 9, 5, 9, 7, 3, 2, 3, 3, 6, 1, 1, 10, 2, 10, 11, 2, 10, 5, 8, 11, 4, 10, 7, 3, 10, 10, 9, 5, 11, 8, 4, 4, 4, 10, 6, 7, 2, 6, 10, 2, 11, 6, 8, 8, 2, 6, 10, 11, 5, 7, 2, 4, 4, 6, 9, 3, 2, 8, 2, 10, 11, 6, 11, 6, 2, 1, 10, 5, 5, 3, 3, 3, 4, 11, 6, 6, 6, 10, 10, 4, 7, 8, 5, 6, 2, 4, 11, 3, 7, 5, 9, 10, 9, 10, 4, 9, 1, 10, 6, 10, 9, 6, 3] f(x) = 0.11805723729206015
Best solution in generation 77 is: x = [8, 10, 7, 11, 6, 4, 5, 10, 11, 1, 8, 10, 9, 5, 9, 7, 3, 2, 3, 10, 6, 1, 1, 10, 8, 10, 11, 2, 10, 5, 5, 11, 4, 10, 7, 3, 10, 10, 9, 5, 11, 8, 4, 4, 4, 10, 6, 7, 2, 6, 8, 2, 11, 6, 8, 8, 2, 6, 10, 11, 5, 7, 2, 4, 4, 6, 9, 3, 2, 8, 2, 10, 11, 6, 11, 5, 2, 1, 10, 5, 5, 3, 5, 3, 4, 11, 6, 6, 6, 10, 10, 4, 7, 8, 5, 6, 2, 4, 11, 3, 7, 5, 9, 10, 9, 10, 4, 9, 1, 10, 6, 10, 9, 6, 3] f(x) = 0.12025539626738796
Best solution in generation 78 is: x = [8, 10, 7, 11, 6, 4, 5, 10, 11, 1, 8, 10, 9, 5, 9, 7, 3, 2, 3, 10, 6, 1, 1, 10, 8, 10, 11, 2, 10, 5, 5, 11, 4, 10, 7, 3, 10, 10, 9, 5, 11, 8, 4, 4, 4, 10, 6, 7, 2, 6, 8, 2, 11, 6, 8, 8, 2, 6, 10, 11, 5, 7, 2, 4, 4, 6, 9, 3, 2, 8, 2, 10, 11, 6, 11, 5, 2, 1, 10, 5, 5, 3, 5, 3, 4, 11, 6, 6, 6, 10, 10, 4, 7, 8, 5, 6, 2, 4, 11, 3, 7, 5, 9, 10, 9, 10, 4, 9, 1, 10, 6, 10, 9, 6, 3] f(x) = 0.12025539626738796
Best solution in generation 79 is: x = [8, 10, 7, 11, 6, 4, 5, 10, 11, 1, 8, 10, 9, 5, 9, 7, 3, 2, 3, 10, 6, 1, 1, 10, 8, 10, 11, 2, 10, 5, 5, 11, 4, 10, 7, 3, 10, 10, 9, 5, 11, 8, 4, 4, 4, 10, 6, 7, 2, 6, 8, 2, 11, 6, 8, 8, 2, 6, 10, 11, 5, 7, 2, 4, 4, 6, 9, 3, 2, 8, 2, 10, 11, 6, 11, 5, 2, 1, 10, 5, 5, 3, 5, 3, 4, 11, 6, 6, 6, 10, 10, 4, 7, 8, 5, 6, 2, 4, 11, 3, 7, 5, 9, 10, 9, 10, 4, 9, 1, 10, 6, 10, 9, 6, 3] f(x) = 0.12025539626738796
Best solution in generation 80 is: x = [8, 10, 7, 11, 6, 4, 5, 10, 11, 1, 8, 10, 9, 5, 9, 7, 3, 2, 3, 10, 6, 1, 1, 10, 8, 10, 11, 2, 10, 5, 5, 11, 4, 10, 7, 3, 10, 10, 9, 5, 11, 8, 4, 4, 4, 10, 6, 7, 2, 6, 8, 2, 11, 6, 8, 8, 2, 6, 10, 11, 5, 7, 2, 4, 4, 6, 9, 3, 2, 8, 2, 10, 11, 6, 11, 5, 2, 1, 10, 5, 5, 3, 5, 3, 4, 11, 6, 6, 6, 10, 10, 4, 7, 8, 5, 1, 2, 4, 11, 3, 5, 5, 11, 10, 9, 10, 4, 9, 1, 10, 6, 10, 9, 6, 3] f(x) = 0.12342755788795795
Best solution in generation 81 is: x = [8, 10, 7, 11, 6, 4, 5, 10, 11, 1, 8, 10, 9, 5, 9, 7, 3, 2, 3, 10, 6, 1, 1, 10, 8, 10, 11, 2, 10, 5, 5, 11, 4, 10, 7, 3, 10, 10, 9, 5, 11, 8, 4, 4, 4, 10, 6, 7, 2, 6, 8, 2, 11, 6, 8, 8, 2, 6, 10, 11, 5, 7, 2, 4, 4, 6, 9, 3, 2, 8, 2, 10, 11, 6, 11, 5, 2, 1, 10, 5, 5, 3, 5, 3, 4, 11, 6, 6, 6, 10, 10, 4, 7, 8, 5, 1, 2, 4, 11, 3, 5, 5, 11, 10, 9, 10, 4, 9, 1, 10, 6, 10, 9, 6, 3] f(x) = 0.12342755788795795
Best solution in generation 82 is: x = [8, 10, 7, 11, 6, 4, 5, 10, 11, 1, 8, 10, 9, 5, 9, 7, 3, 2, 3, 10, 6, 1, 1, 10, 8, 10, 11, 2, 10, 5, 5, 11, 4, 10, 7, 3, 10, 10, 9, 5, 11, 8, 4, 4, 4, 10, 6, 7, 2, 6, 8, 2, 11, 6, 8, 8, 2, 6, 10, 11, 5, 7, 2, 4, 4, 6, 9, 3, 2, 8, 2, 10, 11, 6, 11, 5, 2, 1, 10, 5, 5, 3, 5, 3, 4, 11, 6, 6, 6, 10, 10, 4, 7, 8, 5, 1, 2, 4, 11, 3, 5, 5, 11, 10, 9, 10, 4, 9, 1, 10, 6, 10, 9, 6, 3] f(x) = 0.12342755788795795
Best solution in generation 83 is: x = [8, 10, 7, 11, 6, 4, 5, 10, 11, 1, 8, 10, 9, 5, 9, 7, 3, 2, 3, 10, 6, 1, 1, 10, 8, 10, 11, 2, 10, 5, 5, 11, 4, 10, 7, 3, 10, 10, 9, 5, 11, 8, 4, 4, 4, 10, 6, 7, 2, 6, 8, 2, 11, 6, 8, 8, 2, 6, 10, 11, 5, 7, 2, 4, 4, 6, 9, 3, 2, 8, 2, 10, 11, 6, 11, 5, 2, 1, 10, 5, 5, 3, 5, 6, 4, 11, 6, 6, 6, 10, 10, 4, 7, 8, 5, 1, 2, 4, 11, 3, 7, 5, 11, 10, 9, 10, 4, 9, 1, 10, 6, 10, 9, 6, 3] f(x) = 0.12490319850759396
Best solution in generation 84 is: x = [8, 10, 7, 11, 6, 4, 5, 10, 11, 1, 8, 10, 9, 5, 9, 7, 3, 2, 3, 10, 6, 1, 1, 10, 8, 10, 11, 2, 10, 5, 5, 11, 4, 10, 7, 3, 10, 10, 9, 5, 11, 8, 4, 4, 4, 10, 6, 7, 2, 6, 8, 2, 11, 6, 8, 8, 2, 6, 10, 11, 5, 7, 2, 4, 4, 6, 9, 3, 2, 8, 2, 10, 11, 6, 11, 5, 2, 1, 10, 5, 5, 3, 5, 6, 4, 11, 6, 6, 6, 10, 10, 4, 7, 8, 5, 1, 2, 4, 11, 3, 7, 5, 11, 10, 9, 10, 4, 9, 1, 10, 6, 10, 9, 6, 3] f(x) = 0.12490319850759396
Best solution in generation 85 is: x = [8, 10, 7, 11, 6, 4, 5, 11, 11, 1, 8, 10, 9, 5, 9, 7, 3, 2, 3, 10, 6, 1, 1, 10, 8, 10, 11, 2, 10, 5, 5, 11, 4, 10, 7, 3, 10, 10, 9, 5, 11, 8, 4, 4, 4, 10, 6, 7, 2, 6, 8, 2, 11, 6, 8, 8, 2, 6, 10, 11, 5, 7, 2, 4, 4, 6, 9, 3, 2, 8, 2, 10, 11, 6, 11, 5, 2, 1, 10, 5, 5, 3, 5, 6, 4, 11, 6, 6, 6, 10, 10, 4, 7, 8, 5, 1, 2, 4, 11, 3, 7, 5, 11, 10, 9, 10, 4, 9, 1, 10, 6, 10, 9, 6, 3] f(x) = 0.12512274828418546
Best solution in generation 86 is: x = [8, 10, 7, 11, 6, 4, 5, 11, 11, 1, 8, 10, 9, 5, 9, 7, 3, 2, 3, 10, 6, 1, 1, 10, 8, 10, 11, 2, 10, 5, 5, 11, 4, 10, 7, 3, 10, 10, 9, 5, 11, 8, 4, 4, 4, 10, 6, 7, 2, 6, 8, 2, 11, 6, 8, 8, 2, 6, 10, 11, 5, 7, 2, 4, 4, 6, 9, 3, 2, 8, 2, 10, 11, 6, 11, 5, 2, 1, 10, 5, 5, 3, 5, 6, 4, 11, 6, 6, 6, 10, 10, 4, 7, 8, 5, 1, 2, 4, 11, 3, 7, 5, 11, 10, 9, 10, 4, 9, 1, 10, 6, 10, 9, 6, 3] f(x) = 0.12512274828418546
Best solution in generation 87 is: x = [8, 10, 7, 11, 6, 4, 5, 10, 11, 1, 8, 10, 9, 5, 9, 7, 3, 2, 3, 10, 6, 1, 1, 10, 8, 10, 11, 2, 10, 5, 5, 11, 4, 10, 7, 3, 10, 10, 9, 5, 11, 8, 4, 4, 4, 10, 6, 7, 2, 6, 8, 2, 11, 6, 8, 8, 2, 6, 10, 11, 5, 7, 2, 4, 4, 6, 9, 6, 6, 8, 2, 10, 11, 6, 11, 5, 2, 1, 10, 5, 5, 3, 5, 3, 4, 11, 6, 6, 6, 10, 10, 4, 7, 8, 5, 1, 2, 4, 11, 3, 5, 5, 11, 10, 9, 10, 4, 9, 1, 10, 6, 10, 9, 6, 3] f(x) = 0.12540217527257458
Best solution in generation 88 is: x = [8, 10, 7, 11, 6, 4, 5, 10, 11, 1, 8, 10, 9, 5, 9, 7, 3, 2, 3, 5, 6, 1, 1, 10, 8, 10, 11, 2, 10, 5, 5, 11, 4, 10, 7, 3, 10, 10, 9, 5, 11, 8, 4, 4, 4, 10, 6, 7, 2, 6, 8, 2, 11, 6, 8, 8, 2, 6, 10, 11, 5, 7, 2, 4, 4, 6, 9, 3, 2, 8, 2, 10, 11, 6, 11, 5, 2, 1, 10, 5, 5, 3, 5, 6, 4, 11, 6, 6, 6, 10, 10, 4, 7, 8, 5, 1, 2, 4, 11, 3, 7, 5, 11, 10, 9, 10, 4, 9, 1, 10, 6, 10, 9, 6, 3] f(x) = 0.12761630150438188
Best solution in generation 89 is: x = [8, 10, 7, 11, 6, 4, 5, 10, 11, 1, 8, 10, 9, 5, 9, 7, 3, 2, 3, 10, 6, 1, 1, 10, 8, 10, 11, 2, 10, 5, 5, 11, 4, 10, 7, 3, 10, 10, 9, 5, 11, 8, 4, 4, 4, 10, 6, 7, 2, 6, 8, 2, 11, 6, 8, 8, 2, 4, 10, 11, 5, 7, 2, 4, 4, 6, 9, 3, 2, 8, 2, 8, 11, 6, 11, 5, 2, 1, 10, 5, 5, 3, 5, 6, 4, 11, 6, 6, 6, 10, 10, 4, 7, 8, 5, 1, 2, 4, 11, 3, 7, 5, 11, 10, 9, 10, 4, 9, 1, 10, 6, 10, 9, 6, 3] f(x) = 0.12764690541263402
Best solution in generation 90 is: x = [8, 10, 7, 11, 6, 4, 5, 10, 11, 1, 8, 10, 9, 5, 9, 7, 3, 2, 3, 10, 6, 1, 1, 10, 8, 10, 11, 2, 10, 5, 5, 11, 4, 10, 7, 3, 10, 10, 9, 5, 11, 8, 4, 4, 4, 10, 6, 7, 2, 6, 8, 2, 11, 6, 8, 8, 2, 4, 10, 11, 5, 7, 2, 4, 4, 6, 9, 3, 2, 8, 2, 8, 11, 6, 11, 5, 2, 1, 10, 5, 5, 3, 5, 6, 4, 11, 6, 6, 6, 10, 10, 4, 7, 8, 5, 1, 2, 4, 11, 3, 7, 5, 11, 10, 9, 10, 4, 9, 1, 10, 6, 10, 9, 6, 3] f(x) = 0.12764690541263402
Best solution in generation 91 is: x = [8, 10, 7, 11, 6, 4, 5, 10, 11, 1, 8, 10, 9, 5, 9, 7, 3, 2, 3, 5, 6, 1, 1, 10, 8, 10, 11, 2, 10, 5, 5, 11, 4, 10, 7, 3, 10, 10, 9, 5, 11, 8, 4, 4, 4, 10, 6, 7, 2, 6, 8, 2, 11, 6, 8, 8, 2, 6, 10, 11, 5, 7, 2, 4, 4, 6, 9, 3, 2, 8, 2, 10, 11, 6, 11, 5, 2, 1, 10, 5, 5, 3, 5, 6, 4, 11, 6, 6, 6, 10, 10, 4, 7, 8, 5, 1, 2, 4, 11, 3, 7, 5, 11, 10, 9, 10, 4, 4, 1, 10, 6, 10, 9, 6, 3] f(x) = 0.12924762287469183
Best solution in generation 92 is: x = [8, 10, 7, 11, 6, 4, 5, 10, 11, 1, 8, 10, 9, 5, 9, 7, 3, 2, 3, 5, 6, 1, 1, 10, 8, 10, 11, 2, 10, 5, 5, 11, 4, 10, 7, 3, 10, 10, 9, 5, 11, 8, 4, 4, 4, 10, 6, 7, 2, 6, 8, 2, 11, 6, 8, 8, 2, 6, 10, 11, 5, 7, 2, 4, 4, 6, 9, 3, 2, 8, 2, 10, 11, 6, 11, 5, 2, 1, 10, 5, 5, 3, 5, 6, 4, 11, 6, 6, 6, 10, 10, 4, 7, 8, 5, 1, 2, 4, 11, 3, 7, 5, 11, 10, 9, 10, 4, 4, 1, 10, 6, 10, 9, 6, 3] f(x) = 0.12924762287469183
Best solution in generation 93 is: x = [8, 10, 7, 11, 6, 4, 5, 10, 11, 1, 8, 10, 9, 5, 9, 7, 3, 2, 3, 5, 6, 1, 1, 10, 8, 10, 11, 2, 10, 5, 5, 11, 4, 10, 7, 3, 10, 10, 9, 5, 11, 8, 4, 4, 4, 10, 6, 7, 2, 6, 8, 2, 11, 6, 10, 8, 2, 6, 10, 11, 5, 7, 2, 4, 4, 6, 9, 3, 2, 8, 2, 3, 11, 6, 11, 5, 2, 1, 10, 5, 5, 3, 5, 6, 4, 11, 6, 6, 6, 10, 10, 4, 7, 8, 5, 1, 2, 4, 11, 3, 7, 5, 11, 10, 9, 10, 4, 4, 1, 10, 6, 10, 9, 6, 3] f(x) = 0.12999409211510282
Best solution in generation 94 is: x = [8, 10, 7, 11, 6, 4, 5, 10, 11, 1, 8, 10, 9, 5, 9, 7, 3, 2, 3, 5, 6, 1, 1, 10, 8, 10, 11, 2, 10, 5, 5, 11, 4, 10, 7, 3, 10, 10, 9, 5, 11, 8, 4, 4, 4, 10, 6, 7, 2, 6, 8, 2, 11, 6, 10, 8, 2, 6, 10, 11, 5, 7, 2, 4, 4, 6, 9, 3, 2, 8, 2, 3, 11, 6, 11, 5, 2, 1, 10, 5, 5, 3, 5, 6, 4, 11, 6, 6, 6, 10, 10, 4, 7, 8, 5, 1, 2, 4, 11, 3, 7, 5, 11, 10, 9, 10, 4, 4, 1, 10, 6, 10, 9, 6, 3] f(x) = 0.12999409211510282
Best solution in generation 95 is: x = [8, 10, 7, 11, 6, 4, 5, 10, 11, 1, 8, 10, 9, 7, 9, 7, 3, 2, 3, 5, 6, 1, 1, 10, 8, 10, 11, 2, 10, 5, 5, 11, 4, 10, 7, 3, 10, 10, 9, 5, 11, 8, 4, 4, 4, 10, 6, 7, 2, 6, 8, 2, 11, 6, 10, 8, 2, 6, 10, 11, 5, 7, 2, 4, 4, 6, 9, 3, 2, 8, 2, 10, 11, 6, 11, 5, 2, 1, 10, 5, 5, 3, 5, 6, 4, 11, 6, 6, 6, 10, 10, 4, 7, 8, 5, 1, 2, 4, 11, 3, 7, 5, 11, 10, 9, 10, 4, 4, 1, 10, 6, 10, 9, 6, 3] f(x) = 0.13022162551993394
Best solution in generation 96 is: x = [8, 10, 7, 11, 6, 4, 5, 10, 11, 1, 8, 10, 9, 5, 9, 7, 3, 2, 3, 5, 6, 1, 1, 10, 8, 10, 11, 2, 10, 5, 5, 11, 4, 10, 7, 3, 10, 10, 9, 5, 11, 8, 4, 4, 4, 10, 6, 7, 2, 6, 8, 2, 11, 6, 10, 8, 2, 6, 10, 11, 5, 7, 2, 4, 4, 6, 9, 3, 1, 8, 2, 3, 11, 6, 11, 5, 2, 1, 10, 5, 5, 3, 5, 6, 4, 11, 6, 6, 6, 10, 10, 4, 7, 8, 5, 1, 2, 4, 11, 3, 7, 5, 11, 10, 9, 10, 4, 4, 1, 10, 6, 10, 9, 6, 3] f(x) = 0.1317292006525288
Best solution in generation 97 is: x = [8, 10, 7, 11, 6, 4, 5, 10, 11, 1, 8, 10, 9, 5, 9, 7, 3, 2, 3, 5, 6, 1, 1, 10, 8, 10, 11, 2, 10, 5, 5, 11, 4, 10, 7, 3, 10, 10, 9, 5, 11, 8, 4, 4, 4, 10, 6, 7, 2, 6, 8, 2, 11, 6, 8, 8, 2, 6, 10, 11, 5, 7, 2, 4, 4, 6, 9, 3, 1, 8, 2, 3, 11, 6, 11, 5, 2, 1, 10, 5, 5, 3, 5, 6, 4, 11, 6, 6, 6, 10, 10, 4, 7, 8, 5, 1, 2, 4, 11, 3, 7, 5, 11, 10, 4, 10, 4, 4, 1, 10, 6, 10, 9, 6, 3] f(x) = 0.13272449297307692
Best solution in generation 98 is: x = [8, 10, 7, 11, 6, 4, 5, 10, 11, 1, 8, 10, 9, 5, 9, 7, 3, 2, 3, 5, 6, 1, 1, 10, 8, 10, 11, 2, 10, 5, 5, 11, 4, 10, 7, 3, 10, 10, 9, 5, 11, 8, 4, 4, 4, 10, 6, 7, 2, 6, 8, 2, 11, 6, 8, 8, 2, 6, 10, 11, 5, 7, 2, 4, 4, 6, 9, 3, 1, 8, 2, 3, 11, 6, 11, 5, 2, 1, 10, 5, 5, 3, 5, 6, 4, 11, 6, 6, 6, 10, 10, 4, 7, 8, 5, 1, 2, 4, 11, 3, 7, 5, 11, 10, 4, 10, 4, 4, 1, 10, 6, 10, 9, 6, 3] f(x) = 0.13272449297307692
Best solution in generation 99 is: x = [8, 10, 7, 11, 6, 4, 5, 10, 11, 1, 8, 10, 9, 5, 9, 7, 3, 2, 3, 5, 6, 1, 1, 10, 8, 10, 11, 2, 10, 5, 5, 11, 4, 10, 7, 3, 10, 10, 9, 5, 11, 8, 4, 4, 4, 10, 6, 7, 2, 6, 8, 2, 11, 6, 8, 8, 2, 6, 10, 11, 5, 7, 2, 4, 4, 6, 9, 3, 1, 8, 2, 3, 11, 6, 11, 5, 2, 1, 10, 5, 5, 3, 5, 6, 4, 11, 6, 6, 6, 10, 10, 4, 7, 8, 5, 1, 2, 4, 11, 3, 7, 5, 11, 10, 4, 10, 4, 4, 1, 10, 6, 10, 9, 6, 3] f(x) = 0.13272449297307692
Best repres&fitness: [8, 10, 7, 11, 6, 4, 5, 10, 11, 1, 8, 10, 9, 5, 9, 7, 3, 2, 3, 5, 6, 1, 1, 10, 8, 10, 11, 2, 10, 5, 5, 11, 4, 10, 7, 3, 10, 10, 9, 5, 11, 8, 4, 4, 4, 10, 6, 7, 2, 6, 8, 2, 11, 6, 8, 8, 2, 6, 10, 11, 5, 7, 2, 4, 4, 6, 9, 3, 1, 8, 2, 3, 11, 6, 11, 5, 2, 1, 10, 5, 5, 3, 5, 6, 4, 11, 6, 6, 6, 10, 10, 4, 7, 8, 5, 1, 2, 4, 11, 3, 7, 5, 11, 10, 4, 10, 4, 4, 1, 10, 6, 10, 9, 6, 3] 0.13272449297307692
Nr. de comunitati: 11
Node - culoare comunitate: 
0 - 8
1 - 10
2 - 7
3 - 11
4 - 6
5 - 4
6 - 5
7 - 10
8 - 11
9 - 1
10 - 8
11 - 10
12 - 9
13 - 5
14 - 9
15 - 7
16 - 3
17 - 2
18 - 3
19 - 5
20 - 6
21 - 1
22 - 1
23 - 10
24 - 8
25 - 10
26 - 11
27 - 2
28 - 10
29 - 5
30 - 5
31 - 11
32 - 4
33 - 10
34 - 7
35 - 3
36 - 10
37 - 10
38 - 9
39 - 5
40 - 11
41 - 8
42 - 4
43 - 4
44 - 4
45 - 10
46 - 6
47 - 7
48 - 2
49 - 6
50 - 8
51 - 2
52 - 11
53 - 6
54 - 8
55 - 8
56 - 2
57 - 6
58 - 10
59 - 11
60 - 5
61 - 7
62 - 2
63 - 4
64 - 4
65 - 6
66 - 9
67 - 3
68 - 1
69 - 8
70 - 2
71 - 3
72 - 11
73 - 6
74 - 11
75 - 5
76 - 2
77 - 1
78 - 10
79 - 5
80 - 5
81 - 3
82 - 5
83 - 6
84 - 4
85 - 11
86 - 6
87 - 6
88 - 6
89 - 10
90 - 10
91 - 4
92 - 7
93 - 8
94 - 5
95 - 1
96 - 2
97 - 4
98 - 11
99 - 3
100 - 7
101 - 5
102 - 11
103 - 10
104 - 4
105 - 10
106 - 4
107 - 4
108 - 1
109 - 10
110 - 6
111 - 10
112 - 9
113 - 6
114 - 3
