Best solution in generation 0 is: x = [4, 8, 8, 3, 11, 2, 10, 10, 9, 10, 3, 8, 4, 7, 4, 7, 7, 7, 10, 4, 10, 9, 2, 8, 9, 2, 8, 11, 3, 5, 9, 11, 3, 2, 9, 9, 10, 11, 9, 4, 11, 9, 7, 7, 6, 11, 10, 2, 9, 10, 9, 8, 5, 9, 11, 1, 8, 2, 4, 10, 1, 8, 11, 4, 1, 3, 1, 3, 9, 1, 5, 2, 5, 1, 6, 1, 6, 3, 10, 11, 9, 2, 7, 9, 1, 8, 8, 4, 1, 4, 10, 2, 8, 10, 6, 3, 8, 9, 5, 9, 1, 1, 7, 4, 5] f(x) = 0.03317162087813216
Best solution in generation 1 is: x = [4, 8, 8, 3, 11, 2, 10, 10, 9, 10, 3, 8, 4, 7, 4, 7, 7, 7, 10, 4, 10, 9, 2, 8, 9, 2, 8, 11, 3, 5, 9, 11, 3, 2, 9, 9, 10, 11, 9, 4, 11, 9, 7, 7, 6, 11, 10, 2, 9, 10, 9, 8, 5, 9, 11, 1, 8, 2, 4, 10, 1, 8, 11, 1, 1, 3, 1, 2, 1, 1, 5, 2, 5, 1, 6, 1, 6, 3, 10, 11, 9, 2, 7, 9, 1, 8, 8, 4, 1, 4, 10, 2, 8, 10, 6, 3, 8, 9, 5, 9, 1, 1, 7, 4, 5] f(x) = 0.034310549616672174
Best solution in generation 2 is: x = [4, 10, 3, 6, 4, 3, 10, 11, 7, 6, 8, 6, 7, 1, 11, 6, 11, 8, 8, 7, 8, 9, 10, 8, 7, 4, 11, 1, 6, 8, 2, 2, 7, 1, 3, 6, 11, 9, 5, 3, 2, 7, 10, 8, 9, 4, 4, 11, 5, 11, 3, 10, 10, 3, 7, 7, 4, 7, 11, 7, 4, 7, 9, 1, 5, 1, 9, 3, 5, 7, 3, 2, 11, 4, 2, 4, 11, 10, 9, 1, 9, 8, 7, 8, 9, 9, 9, 2, 5, 6, 6, 10, 9, 2, 9, 11, 9, 5, 10, 6, 9, 10, 7, 11, 4] f(x) = 0.03865030517119942
Best solution in generation 3 is: x = [4, 8, 8, 3, 11, 2, 10, 10, 9, 10, 3, 8, 4, 7, 4, 7, 7, 7, 10, 4, 10, 9, 2, 8, 9, 2, 8, 11, 3, 5, 9, 11, 3, 2, 9, 9, 10, 11, 9, 4, 11, 9, 7, 7, 7, 11, 10, 2, 9, 10, 9, 8, 5, 8, 11, 1, 8, 2, 4, 10, 1, 8, 11, 1, 1, 3, 1, 2, 1, 1, 5, 2, 5, 1, 8, 11, 8, 3, 10, 11, 9, 2, 7, 9, 1, 8, 8, 4, 1, 4, 10, 2, 8, 10, 6, 3, 8, 9, 5, 9, 1, 1, 7, 4, 5] f(x) = 0.03670924151973725
Best solution in generation 4 is: x = [4, 8, 8, 3, 11, 2, 10, 10, 9, 10, 3, 8, 4, 7, 4, 7, 7, 7, 10, 4, 10, 9, 2, 8, 9, 2, 8, 11, 3, 6, 9, 11, 3, 2, 9, 9, 10, 11, 9, 4, 11, 9, 7, 7, 7, 11, 4, 11, 5, 10, 9, 8, 5, 8, 11, 1, 8, 2, 4, 10, 1, 8, 11, 1, 1, 3, 1, 2, 1, 1, 5, 2, 5, 1, 8, 11, 8, 3, 10, 11, 9, 2, 7, 9, 1, 8, 8, 4, 1, 4, 10, 2, 8, 10, 6, 3, 8, 9, 5, 9, 1, 1, 7, 4, 5] f(x) = 0.04259413515973297
Best solution in generation 5 is: x = [4, 8, 8, 6, 4, 3, 10, 10, 9, 3, 7, 4, 4, 7, 4, 7, 7, 7, 10, 4, 10, 9, 2, 8, 9, 2, 8, 11, 3, 5, 9, 11, 3, 2, 11, 9, 10, 11, 9, 4, 11, 9, 7, 7, 7, 11, 4, 2, 9, 10, 9, 8, 5, 8, 11, 1, 8, 2, 4, 10, 1, 8, 11, 1, 1, 3, 1, 2, 1, 1, 5, 2, 5, 1, 11, 11, 8, 3, 10, 11, 6, 2, 7, 9, 1, 8, 8, 4, 1, 4, 10, 2, 8, 10, 6, 3, 8, 9, 5, 9, 1, 1, 7, 4, 5] f(x) = 0.03947043670075754
Best solution in generation 6 is: x = [4, 8, 8, 6, 4, 3, 10, 10, 9, 3, 7, 4, 7, 7, 4, 7, 7, 7, 10, 4, 10, 9, 2, 8, 9, 2, 8, 11, 3, 5, 9, 11, 3, 2, 11, 9, 10, 11, 9, 4, 11, 9, 7, 7, 7, 11, 4, 2, 9, 10, 9, 8, 5, 8, 11, 1, 8, 2, 4, 10, 1, 8, 9, 1, 4, 3, 1, 2, 1, 1, 5, 2, 5, 1, 11, 11, 8, 3, 10, 11, 6, 2, 7, 9, 1, 8, 8, 4, 1, 4, 10, 2, 8, 10, 6, 3, 8, 9, 5, 9, 1, 1, 7, 4, 5] f(x) = 0.04026228783274473
Best solution in generation 7 is: x = [4, 8, 8, 6, 4, 3, 10, 10, 9, 3, 7, 4, 7, 7, 4, 7, 7, 7, 10, 4, 10, 9, 2, 8, 9, 2, 8, 11, 3, 5, 9, 11, 3, 2, 11, 9, 10, 11, 9, 4, 11, 9, 7, 7, 7, 11, 4, 2, 9, 10, 9, 8, 5, 8, 11, 1, 8, 2, 4, 10, 1, 8, 9, 1, 4, 3, 1, 2, 1, 1, 5, 2, 5, 1, 11, 11, 8, 3, 10, 11, 6, 2, 7, 9, 1, 8, 8, 4, 1, 4, 10, 8, 8, 10, 6, 3, 8, 9, 5, 9, 1, 1, 7, 3, 3] f(x) = 0.04140378751651848
Best solution in generation 8 is: x = [7, 1, 6, 7, 5, 3, 10, 2, 7, 10, 3, 8, 7, 1, 11, 6, 11, 8, 8, 7, 8, 9, 10, 8, 7, 1, 11, 1, 6, 8, 2, 2, 7, 1, 3, 6, 11, 9, 7, 3, 7, 7, 10, 8, 7, 11, 4, 11, 5, 11, 3, 10, 10, 3, 7, 7, 8, 2, 4, 7, 4, 4, 4, 2, 5, 1, 4, 5, 2, 7, 3, 2, 11, 4, 2, 4, 11, 10, 5, 3, 2, 10, 7, 9, 10, 9, 9, 2, 10, 1, 8, 10, 9, 2, 5, 3, 9, 5, 10, 6, 9, 10, 7, 11, 4] f(x) = 0.04531162427178004
Best solution in generation 9 is: x = [4, 10, 8, 3, 11, 2, 10, 10, 9, 10, 3, 8, 11, 7, 4, 7, 7, 7, 10, 4, 10, 9, 2, 8, 9, 2, 8, 11, 3, 7, 2, 2, 2, 2, 11, 9, 10, 11, 9, 11, 11, 9, 7, 7, 7, 11, 10, 2, 9, 10, 9, 8, 5, 8, 11, 1, 8, 2, 4, 10, 1, 8, 11, 1, 1, 3, 1, 2, 1, 1, 5, 2, 5, 1, 8, 8, 8, 4, 5, 7, 10, 8, 7, 9, 1, 9, 8, 5, 5, 6, 6, 2, 8, 10, 6, 3, 8, 9, 5, 9, 1, 1, 7, 4, 5] f(x) = 0.046990451509402044
Best solution in generation 10 is: x = [4, 10, 8, 3, 11, 2, 10, 7, 9, 10, 3, 8, 11, 7, 4, 7, 7, 7, 10, 4, 10, 9, 2, 8, 9, 2, 8, 11, 3, 7, 2, 2, 2, 2, 11, 9, 10, 11, 9, 11, 11, 9, 7, 7, 7, 11, 10, 2, 9, 10, 9, 8, 5, 8, 11, 1, 8, 2, 4, 10, 1, 8, 11, 1, 1, 3, 1, 2, 1, 1, 5, 2, 5, 1, 8, 8, 8, 4, 5, 7, 10, 8, 7, 9, 1, 9, 8, 5, 5, 6, 6, 2, 8, 10, 6, 3, 8, 9, 5, 9, 1, 1, 7, 4, 5] f(x) = 0.046203742267882306
Best solution in generation 11 is: x = [4, 8, 8, 7, 5, 9, 8, 11, 9, 3, 7, 4, 7, 7, 4, 7, 7, 7, 10, 4, 10, 9, 2, 8, 9, 2, 8, 11, 3, 5, 9, 11, 3, 2, 11, 9, 10, 11, 9, 9, 11, 4, 7, 7, 7, 11, 2, 2, 9, 10, 9, 8, 5, 8, 11, 4, 8, 7, 4, 10, 1, 8, 9, 1, 4, 3, 1, 2, 1, 1, 5, 2, 5, 1, 8, 11, 8, 3, 10, 11, 6, 2, 7, 9, 1, 8, 8, 4, 1, 4, 10, 8, 8, 10, 6, 3, 8, 9, 5, 9, 1, 1, 7, 3, 3] f(x) = 0.04655596176490262
Best solution in generation 12 is: x = [4, 8, 8, 7, 5, 9, 8, 11, 9, 3, 7, 4, 7, 7, 4, 7, 7, 7, 10, 4, 10, 9, 2, 8, 9, 2, 8, 11, 3, 5, 9, 11, 3, 2, 11, 9, 10, 11, 9, 9, 11, 4, 7, 7, 7, 11, 2, 2, 9, 11, 3, 10, 5, 8, 11, 4, 8, 7, 4, 10, 1, 8, 9, 1, 4, 3, 1, 2, 1, 1, 5, 2, 5, 1, 8, 11, 8, 3, 10, 11, 6, 2, 7, 9, 1, 8, 8, 4, 1, 4, 10, 8, 8, 10, 6, 3, 8, 9, 5, 9, 1, 1, 7, 3, 3] f(x) = 0.04795455597204883
Best solution in generation 13 is: x = [4, 8, 8, 6, 4, 3, 10, 10, 9, 3, 7, 4, 7, 7, 4, 7, 7, 7, 7, 6, 6, 9, 2, 8, 2, 2, 8, 11, 3, 5, 9, 10, 2, 2, 11, 9, 10, 11, 9, 4, 11, 11, 7, 7, 7, 11, 2, 2, 9, 10, 9, 8, 5, 8, 11, 1, 8, 2, 4, 10, 1, 8, 9, 1, 5, 3, 1, 2, 1, 1, 5, 2, 5, 1, 8, 11, 8, 8, 4, 2, 6, 2, 7, 9, 1, 8, 8, 4, 1, 4, 10, 2, 8, 6, 6, 3, 8, 9, 5, 9, 1, 1, 7, 3, 3] f(x) = 0.049314586000689185
Best solution in generation 14 is: x = [4, 10, 8, 6, 4, 3, 10, 10, 9, 10, 3, 8, 11, 7, 4, 6, 7, 7, 10, 4, 10, 9, 2, 8, 7, 1, 11, 11, 3, 7, 2, 2, 7, 2, 9, 9, 10, 11, 9, 11, 11, 9, 7, 7, 7, 11, 10, 2, 9, 10, 9, 8, 5, 8, 11, 1, 8, 2, 4, 10, 1, 8, 9, 1, 4, 7, 1, 2, 1, 4, 5, 2, 5, 1, 9, 8, 8, 3, 5, 2, 6, 8, 7, 9, 1, 9, 8, 5, 5, 6, 6, 2, 8, 10, 1, 3, 8, 9, 5, 9, 1, 1, 7, 4, 5] f(x) = 0.0521529095387211
Best solution in generation 15 is: x = [4, 9, 6, 7, 4, 3, 10, 10, 9, 5, 7, 4, 7, 7, 4, 7, 7, 7, 10, 4, 10, 9, 2, 8, 9, 2, 8, 11, 3, 5, 9, 10, 2, 2, 11, 9, 10, 11, 9, 4, 11, 11, 7, 7, 7, 11, 2, 2, 9, 10, 4, 8, 5, 8, 11, 1, 8, 2, 4, 10, 1, 8, 9, 1, 5, 3, 1, 2, 1, 1, 5, 2, 5, 1, 8, 11, 8, 3, 10, 4, 7, 4, 6, 9, 1, 9, 8, 5, 1, 4, 10, 2, 8, 10, 6, 7, 8, 9, 5, 9, 1, 1, 7, 3, 3] f(x) = 0.05366462533615125
Best solution in generation 16 is: x = [4, 9, 6, 7, 9, 6, 2, 10, 9, 5, 7, 4, 7, 7, 4, 7, 7, 7, 10, 4, 10, 9, 2, 8, 9, 2, 8, 11, 3, 5, 9, 10, 2, 2, 11, 9, 10, 11, 9, 4, 11, 11, 7, 7, 7, 11, 2, 2, 9, 10, 4, 8, 5, 8, 11, 1, 8, 2, 4, 10, 1, 8, 9, 1, 5, 3, 1, 2, 1, 1, 5, 2, 5, 1, 8, 11, 8, 3, 10, 4, 7, 4, 6, 9, 1, 9, 8, 5, 1, 4, 10, 2, 8, 10, 6, 7, 8, 6, 5, 9, 1, 1, 7, 3, 3] f(x) = 0.054520750098981545
Best solution in generation 17 is: x = [4, 9, 6, 7, 9, 6, 2, 10, 9, 5, 7, 4, 7, 7, 4, 7, 7, 7, 10, 4, 10, 9, 2, 8, 9, 2, 8, 11, 3, 5, 9, 10, 2, 2, 11, 9, 4, 2, 9, 4, 11, 11, 7, 7, 7, 11, 2, 2, 9, 10, 4, 8, 5, 8, 11, 1, 8, 2, 4, 10, 1, 8, 9, 1, 5, 3, 1, 2, 1, 1, 5, 2, 5, 1, 8, 9, 8, 3, 10, 4, 7, 4, 6, 9, 1, 9, 8, 5, 1, 4, 10, 2, 8, 10, 6, 7, 8, 6, 5, 9, 1, 1, 7, 3, 3] f(x) = 0.05657750628596128
Best solution in generation 18 is: x = [4, 9, 6, 7, 9, 6, 2, 10, 9, 5, 7, 4, 7, 7, 4, 7, 7, 7, 10, 4, 10, 9, 2, 8, 9, 2, 8, 11, 3, 5, 9, 10, 2, 2, 11, 9, 4, 2, 9, 4, 11, 11, 7, 7, 7, 11, 2, 2, 9, 10, 4, 8, 5, 8, 11, 1, 8, 2, 4, 10, 1, 8, 9, 1, 5, 3, 1, 2, 1, 1, 5, 2, 5, 1, 8, 9, 8, 3, 10, 2, 6, 8, 6, 9, 1, 9, 8, 5, 1, 4, 10, 2, 10, 10, 6, 7, 8, 6, 5, 9, 1, 1, 7, 3, 3] f(x) = 0.059971153994477805
Best solution in generation 19 is: x = [4, 9, 6, 7, 9, 6, 2, 10, 9, 5, 7, 4, 7, 7, 4, 7, 7, 7, 10, 4, 10, 9, 2, 8, 9, 2, 8, 11, 3, 5, 9, 10, 2, 2, 11, 9, 4, 2, 9, 4, 11, 11, 7, 7, 7, 11, 2, 2, 9, 10, 4, 8, 5, 8, 11, 1, 8, 2, 4, 10, 1, 8, 9, 1, 5, 3, 1, 2, 1, 1, 3, 2, 5, 1, 8, 9, 8, 3, 10, 2, 6, 8, 6, 9, 1, 9, 8, 5, 1, 4, 10, 2, 10, 10, 6, 7, 8, 6, 5, 9, 1, 1, 7, 3, 3] f(x) = 0.058053228850119216
Best solution in generation 20 is: x = [4, 9, 6, 7, 9, 6, 2, 10, 2, 5, 7, 4, 7, 7, 4, 7, 7, 7, 10, 4, 10, 9, 2, 8, 9, 2, 8, 11, 3, 5, 9, 10, 2, 2, 9, 4, 8, 2, 9, 4, 11, 11, 7, 7, 7, 11, 2, 2, 9, 10, 4, 8, 5, 8, 11, 1, 8, 2, 4, 10, 1, 8, 9, 1, 5, 3, 1, 2, 1, 1, 5, 2, 5, 1, 8, 9, 8, 3, 10, 4, 7, 4, 6, 9, 1, 9, 8, 5, 1, 4, 11, 2, 8, 10, 6, 7, 8, 6, 5, 9, 1, 1, 7, 3, 3] f(x) = 0.061138363130588735
Best solution in generation 21 is: x = [4, 9, 6, 7, 9, 6, 2, 10, 2, 5, 7, 4, 7, 7, 4, 7, 7, 7, 10, 4, 10, 9, 2, 8, 9, 2, 8, 11, 3, 5, 9, 10, 2, 2, 9, 4, 8, 2, 9, 4, 11, 11, 7, 7, 5, 11, 2, 2, 9, 10, 4, 8, 5, 8, 11, 1, 8, 2, 4, 10, 1, 8, 9, 1, 5, 3, 1, 2, 1, 1, 5, 2, 5, 1, 9, 9, 8, 3, 10, 4, 7, 4, 6, 9, 1, 9, 8, 5, 1, 4, 11, 2, 8, 10, 6, 7, 8, 6, 5, 9, 1, 1, 7, 3, 3] f(x) = 0.06165512312256742
Best solution in generation 22 is: x = [4, 10, 6, 7, 9, 6, 10, 9, 6, 4, 7, 4, 7, 7, 4, 7, 7, 7, 10, 4, 10, 9, 6, 8, 9, 2, 8, 4, 5, 5, 9, 10, 2, 2, 11, 9, 4, 1, 9, 4, 11, 11, 7, 7, 7, 11, 2, 2, 9, 10, 4, 8, 5, 8, 11, 1, 8, 8, 4, 10, 1, 8, 9, 1, 5, 3, 1, 2, 1, 1, 5, 2, 5, 1, 8, 9, 8, 3, 10, 2, 6, 8, 6, 9, 1, 9, 8, 5, 1, 4, 10, 2, 10, 10, 6, 7, 8, 6, 5, 9, 1, 1, 7, 3, 3] f(x) = 0.06198934600295165
Best solution in generation 23 is: x = [4, 9, 6, 7, 9, 6, 10, 9, 6, 4, 7, 4, 7, 7, 4, 7, 7, 7, 10, 4, 10, 9, 6, 8, 9, 6, 8, 11, 3, 5, 9, 10, 2, 2, 11, 9, 4, 1, 9, 4, 11, 11, 7, 7, 7, 11, 2, 2, 9, 10, 4, 8, 5, 8, 11, 1, 8, 8, 4, 10, 1, 8, 9, 1, 5, 3, 1, 2, 1, 1, 5, 2, 5, 1, 8, 9, 8, 3, 10, 2, 6, 8, 6, 9, 1, 9, 8, 5, 1, 3, 10, 2, 10, 10, 6, 7, 8, 9, 5, 9, 1, 1, 7, 3, 3] f(x) = 0.062274720923895084
Best solution in generation 24 is: x = [4, 9, 6, 7, 9, 4, 2, 10, 9, 5, 7, 4, 7, 7, 4, 7, 7, 7, 10, 4, 10, 9, 2, 7, 7, 2, 8, 11, 3, 5, 9, 10, 2, 2, 11, 9, 4, 2, 9, 7, 7, 11, 10, 7, 7, 11, 2, 2, 9, 10, 4, 8, 5, 8, 11, 1, 8, 10, 4, 10, 1, 8, 9, 1, 1, 3, 1, 2, 1, 1, 5, 2, 5, 1, 8, 9, 8, 7, 10, 4, 7, 4, 6, 9, 1, 9, 11, 5, 1, 4, 10, 2, 8, 10, 1, 3, 8, 6, 5, 9, 1, 1, 7, 3, 3] f(x) = 0.062493251268761735
Best solution in generation 25 is: x = [4, 9, 6, 7, 11, 6, 10, 9, 6, 4, 7, 4, 7, 7, 4, 7, 7, 7, 10, 4, 10, 9, 6, 8, 7, 2, 8, 11, 3, 5, 9, 10, 2, 2, 11, 9, 4, 1, 9, 4, 11, 11, 7, 7, 7, 11, 2, 2, 9, 10, 4, 8, 5, 8, 11, 4, 8, 8, 4, 10, 1, 8, 9, 1, 5, 3, 1, 2, 1, 1, 5, 2, 5, 1, 8, 9, 8, 3, 10, 2, 6, 8, 6, 9, 1, 9, 8, 5, 1, 3, 10, 2, 10, 10, 6, 7, 8, 9, 5, 9, 1, 1, 7, 3, 3] f(x) = 0.06389184547590789
Best solution in generation 26 is: x = [4, 9, 6, 7, 9, 6, 2, 10, 9, 5, 7, 4, 7, 7, 4, 7, 7, 7, 10, 4, 10, 9, 2, 8, 9, 4, 8, 11, 3, 5, 9, 10, 2, 2, 11, 9, 4, 2, 2, 7, 7, 11, 7, 7, 1, 4, 2, 2, 9, 10, 4, 8, 5, 8, 11, 4, 8, 2, 4, 10, 1, 8, 9, 1, 5, 3, 1, 3, 1, 1, 5, 2, 5, 1, 8, 9, 8, 3, 8, 5, 7, 8, 6, 9, 1, 9, 8, 5, 1, 4, 10, 2, 10, 10, 6, 7, 8, 6, 5, 9, 1, 1, 7, 3, 3] f(x) = 0.06456543312714369
Best solution in generation 27 is: x = [6, 9, 6, 7, 9, 6, 2, 10, 9, 5, 7, 4, 7, 7, 4, 7, 7, 7, 10, 4, 10, 8, 2, 8, 9, 2, 8, 11, 3, 5, 9, 10, 6, 2, 11, 9, 4, 2, 9, 11, 11, 11, 7, 7, 7, 11, 2, 2, 2, 10, 4, 8, 5, 8, 11, 1, 8, 2, 4, 10, 1, 8, 1, 1, 5, 3, 1, 2, 1, 1, 5, 2, 5, 1, 8, 9, 8, 3, 10, 2, 6, 8, 6, 9, 1, 9, 8, 5, 10, 4, 10, 2, 3, 7, 3, 8, 8, 9, 5, 9, 1, 1, 7, 3, 9] f(x) = 0.06651678055954074
Best solution in generation 28 is: x = [4, 9, 6, 7, 9, 6, 2, 10, 9, 10, 7, 4, 7, 7, 4, 7, 7, 7, 10, 4, 10, 8, 2, 8, 9, 2, 8, 11, 3, 5, 9, 10, 7, 2, 11, 11, 4, 2, 9, 1, 11, 11, 7, 7, 7, 11, 2, 2, 7, 10, 4, 8, 5, 8, 11, 1, 8, 4, 4, 10, 1, 8, 9, 1, 1, 1, 1, 2, 1, 1, 5, 6, 5, 1, 9, 8, 8, 3, 10, 2, 6, 8, 6, 9, 1, 9, 8, 5, 10, 4, 10, 2, 4, 6, 3, 7, 8, 9, 5, 9, 1, 1, 7, 3, 10] f(x) = 0.06626482792663575
Best solution in generation 29 is: x = [4, 9, 6, 7, 9, 6, 2, 10, 9, 10, 7, 4, 7, 7, 4, 7, 7, 7, 10, 4, 10, 6, 2, 8, 9, 2, 8, 11, 3, 5, 9, 10, 7, 2, 11, 11, 4, 2, 9, 1, 11, 11, 7, 7, 7, 11, 2, 2, 7, 10, 4, 8, 5, 8, 11, 1, 8, 10, 4, 10, 1, 8, 9, 1, 1, 1, 1, 2, 1, 1, 5, 6, 5, 1, 9, 8, 8, 3, 10, 2, 6, 8, 6, 9, 1, 9, 8, 5, 10, 4, 10, 2, 4, 6, 3, 7, 8, 9, 5, 9, 1, 1, 7, 3, 10] f(x) = 0.06745517556985024
Best solution in generation 30 is: x = [1, 8, 8, 6, 4, 8, 8, 9, 6, 4, 7, 4, 7, 7, 9, 7, 7, 7, 11, 8, 7, 10, 9, 8, 7, 2, 8, 4, 3, 7, 2, 8, 2, 2, 11, 8, 4, 2, 10, 7, 7, 6, 7, 7, 7, 11, 2, 4, 7, 6, 1, 2, 10, 3, 6, 5, 11, 2, 1, 10, 3, 2, 9, 1, 1, 1, 1, 2, 1, 1, 5, 2, 5, 1, 9, 8, 8, 8, 5, 7, 10, 4, 6, 9, 1, 1, 8, 5, 10, 1, 8, 9, 4, 7, 11, 7, 8, 6, 5, 9, 1, 1, 7, 3, 3] f(x) = 0.06917256698597832
Best solution in generation 31 is: x = [4, 9, 6, 7, 9, 6, 2, 10, 9, 5, 7, 4, 7, 7, 4, 7, 7, 7, 10, 4, 10, 9, 2, 8, 9, 2, 2, 11, 3, 5, 9, 10, 7, 2, 11, 9, 4, 2, 2, 4, 11, 11, 7, 8, 9, 11, 2, 2, 9, 10, 4, 8, 5, 8, 11, 5, 8, 2, 4, 10, 1, 8, 9, 9, 1, 3, 1, 3, 6, 1, 5, 2, 6, 1, 8, 9, 8, 3, 9, 5, 7, 8, 6, 9, 1, 9, 8, 5, 1, 4, 10, 2, 10, 1, 6, 7, 1, 9, 5, 9, 1, 1, 7, 3, 3] f(x) = 0.06945280001645426
Best solution in generation 32 is: x = [4, 9, 6, 7, 9, 6, 2, 10, 9, 5, 7, 4, 7, 7, 4, 7, 7, 7, 10, 4, 10, 9, 2, 8, 9, 2, 2, 11, 3, 5, 9, 10, 7, 2, 11, 9, 4, 2, 2, 4, 11, 11, 7, 8, 9, 11, 2, 2, 9, 10, 4, 8, 5, 8, 11, 5, 8, 2, 4, 10, 1, 8, 9, 9, 1, 3, 1, 3, 6, 1, 5, 2, 6, 1, 8, 9, 8, 3, 9, 5, 7, 8, 6, 9, 1, 9, 8, 5, 1, 4, 5, 2, 10, 1, 6, 7, 1, 9, 5, 9, 1, 1, 7, 3, 3] f(x) = 0.07060715442639662
Best solution in generation 33 is: x = [10, 9, 6, 7, 9, 10, 2, 10, 9, 5, 7, 4, 7, 7, 4, 7, 7, 7, 10, 4, 10, 9, 2, 11, 9, 2, 8, 11, 3, 5, 9, 10, 7, 2, 11, 9, 7, 2, 9, 7, 7, 11, 7, 7, 7, 11, 2, 2, 10, 10, 4, 8, 5, 8, 11, 1, 8, 10, 4, 10, 1, 8, 9, 9, 1, 3, 1, 2, 1, 1, 5, 2, 6, 1, 8, 9, 8, 3, 10, 4, 7, 8, 6, 9, 1, 5, 9, 5, 1, 4, 10, 2, 8, 10, 1, 3, 8, 6, 5, 9, 1, 1, 7, 3, 3] f(x) = 0.07301355916516289
Best solution in generation 34 is: x = [10, 9, 6, 7, 9, 6, 2, 10, 9, 5, 7, 4, 7, 7, 4, 7, 7, 7, 10, 4, 10, 9, 2, 8, 9, 2, 2, 11, 3, 5, 9, 10, 7, 2, 11, 9, 4, 2, 2, 4, 11, 11, 7, 8, 9, 11, 2, 2, 9, 10, 4, 8, 5, 8, 11, 5, 8, 10, 4, 10, 1, 8, 4, 9, 1, 3, 1, 3, 6, 1, 5, 2, 6, 1, 8, 9, 8, 3, 10, 2, 7, 8, 9, 9, 1, 9, 8, 5, 1, 4, 10, 2, 10, 1, 6, 7, 1, 9, 5, 9, 1, 1, 7, 3, 3] f(x) = 0.07308297468647347
Best solution in generation 35 is: x = [4, 9, 6, 7, 9, 6, 2, 10, 9, 10, 7, 4, 7, 7, 4, 7, 7, 7, 3, 4, 10, 9, 2, 8, 9, 2, 8, 11, 5, 5, 9, 10, 7, 2, 11, 11, 4, 2, 1, 1, 11, 11, 7, 7, 7, 11, 2, 2, 7, 10, 4, 1, 5, 8, 11, 1, 8, 10, 4, 1, 1, 4, 9, 1, 5, 5, 8, 2, 1, 1, 5, 6, 5, 1, 9, 8, 8, 3, 10, 4, 6, 8, 6, 9, 1, 9, 8, 5, 10, 1, 10, 2, 4, 6, 3, 7, 8, 9, 5, 9, 1, 1, 7, 3, 10] f(x) = 0.0713912927226827
Best solution in generation 36 is: x = [4, 9, 6, 7, 9, 6, 2, 10, 9, 10, 7, 4, 7, 7, 4, 7, 7, 7, 3, 4, 10, 9, 2, 8, 9, 2, 8, 11, 5, 5, 9, 10, 7, 2, 11, 11, 4, 2, 1, 1, 11, 11, 7, 7, 7, 11, 2, 2, 7, 10, 4, 1, 5, 8, 11, 1, 8, 10, 4, 1, 1, 4, 9, 1, 5, 5, 8, 2, 1, 1, 5, 6, 5, 1, 9, 8, 8, 3, 10, 4, 6, 8, 6, 9, 1, 9, 8, 5, 10, 1, 10, 2, 4, 6, 3, 7, 8, 1, 5, 9, 1, 1, 7, 3, 3] f(x) = 0.0747926532669004
Best solution in generation 37 is: x = [4, 9, 6, 7, 9, 6, 2, 10, 9, 10, 7, 11, 7, 7, 4, 7, 7, 7, 10, 6, 10, 9, 2, 8, 9, 2, 8, 11, 3, 5, 9, 10, 7, 2, 11, 9, 7, 2, 9, 7, 7, 11, 7, 7, 7, 11, 2, 2, 7, 10, 4, 5, 5, 8, 11, 1, 8, 10, 4, 10, 1, 8, 9, 1, 5, 3, 1, 3, 6, 1, 5, 6, 5, 1, 9, 3, 8, 3, 10, 2, 6, 8, 6, 9, 1, 9, 8, 5, 1, 4, 11, 2, 8, 10, 3, 7, 8, 9, 5, 9, 1, 1, 7, 3, 10] f(x) = 0.07682627094677667
Best solution in generation 38 is: x = [4, 9, 6, 7, 9, 6, 2, 10, 9, 10, 7, 11, 7, 7, 4, 7, 7, 7, 10, 6, 10, 9, 2, 8, 9, 2, 8, 11, 3, 5, 9, 10, 7, 2, 11, 9, 7, 2, 9, 1, 7, 11, 7, 7, 7, 11, 2, 2, 7, 10, 4, 5, 5, 8, 11, 1, 8, 10, 3, 10, 1, 8, 9, 1, 5, 3, 1, 3, 6, 1, 5, 6, 5, 1, 9, 8, 8, 3, 10, 2, 6, 8, 6, 9, 1, 9, 1, 5, 1, 4, 11, 2, 8, 10, 3, 7, 8, 9, 5, 9, 1, 1, 7, 3, 10] f(x) = 0.07626580488582468
Best solution in generation 39 is: x = [4, 9, 6, 7, 9, 6, 2, 10, 9, 11, 7, 11, 7, 7, 4, 7, 7, 7, 10, 6, 10, 9, 2, 8, 8, 2, 8, 11, 3, 5, 9, 10, 7, 2, 11, 9, 7, 2, 9, 1, 7, 11, 7, 7, 7, 11, 2, 2, 7, 10, 4, 5, 5, 8, 11, 1, 8, 10, 4, 10, 1, 8, 9, 1, 5, 3, 1, 3, 6, 1, 5, 2, 5, 1, 9, 8, 8, 3, 10, 2, 6, 8, 6, 9, 1, 9, 1, 5, 1, 4, 8, 8, 8, 10, 3, 7, 8, 9, 5, 9, 1, 1, 7, 3, 10] f(x) = 0.07871848663879802
Best solution in generation 40 is: x = [4, 9, 6, 7, 9, 6, 2, 10, 9, 10, 7, 11, 7, 7, 4, 7, 7, 7, 10, 6, 10, 9, 2, 8, 9, 2, 8, 11, 3, 8, 9, 10, 7, 2, 11, 9, 7, 2, 9, 7, 7, 11, 7, 7, 7, 11, 2, 2, 7, 10, 4, 5, 5, 8, 11, 1, 8, 10, 3, 10, 1, 8, 9, 9, 5, 3, 1, 3, 6, 1, 5, 6, 4, 1, 9, 8, 8, 3, 10, 2, 6, 8, 6, 9, 1, 9, 1, 5, 1, 4, 11, 2, 8, 10, 3, 7, 8, 9, 5, 9, 1, 1, 7, 3, 10] f(x) = 0.08101691167774787
Best solution in generation 41 is: x = [4, 9, 6, 7, 9, 6, 2, 10, 9, 10, 7, 11, 7, 7, 4, 7, 7, 7, 10, 6, 10, 9, 2, 8, 9, 2, 8, 11, 3, 8, 9, 10, 7, 2, 11, 9, 7, 2, 9, 7, 7, 11, 7, 7, 7, 11, 2, 2, 7, 10, 4, 5, 5, 8, 11, 1, 8, 10, 3, 10, 1, 6, 9, 9, 5, 3, 1, 3, 6, 1, 5, 6, 4, 1, 9, 8, 8, 3, 10, 2, 6, 8, 6, 9, 1, 9, 1, 5, 1, 4, 11, 2, 8, 10, 3, 7, 8, 9, 5, 9, 1, 1, 7, 3, 10] f(x) = 0.08107861436335727
Best solution in generation 42 is: x = [4, 9, 6, 7, 9, 6, 2, 10, 9, 10, 7, 11, 7, 7, 4, 7, 7, 7, 10, 5, 10, 9, 2, 8, 9, 2, 8, 11, 2, 8, 9, 10, 7, 2, 11, 9, 7, 2, 9, 1, 7, 11, 7, 7, 7, 11, 2, 2, 7, 10, 3, 5, 5, 8, 11, 1, 8, 10, 3, 10, 1, 8, 9, 9, 5, 3, 1, 3, 6, 1, 5, 6, 5, 1, 9, 8, 8, 3, 10, 2, 6, 8, 6, 9, 1, 9, 1, 5, 1, 4, 11, 2, 8, 1, 6, 7, 8, 9, 5, 9, 1, 1, 7, 3, 10] f(x) = 0.08150796221738926
Best solution in generation 43 is: x = [4, 9, 6, 7, 9, 6, 2, 10, 9, 10, 7, 11, 7, 7, 4, 7, 7, 7, 10, 5, 10, 9, 2, 8, 9, 2, 8, 11, 2, 8, 9, 10, 7, 2, 11, 9, 7, 2, 9, 1, 7, 11, 7, 7, 7, 11, 2, 2, 7, 10, 3, 5, 5, 8, 11, 1, 8, 10, 3, 10, 1, 8, 9, 9, 5, 3, 1, 3, 6, 1, 5, 6, 5, 1, 9, 8, 8, 3, 10, 2, 6, 8, 6, 9, 1, 9, 1, 5, 1, 1, 11, 2, 8, 1, 6, 7, 8, 9, 5, 9, 1, 1, 7, 3, 10] f(x) = 0.08717689645775217
Best solution in generation 44 is: x = [4, 9, 6, 7, 9, 6, 2, 10, 9, 10, 7, 11, 7, 7, 4, 7, 7, 7, 10, 5, 10, 9, 2, 8, 9, 2, 8, 11, 2, 8, 9, 10, 7, 2, 11, 9, 7, 2, 9, 1, 7, 11, 7, 7, 7, 11, 2, 2, 7, 10, 3, 5, 5, 8, 11, 1, 8, 10, 3, 10, 1, 8, 1, 9, 5, 3, 1, 3, 6, 1, 5, 6, 5, 1, 9, 8, 8, 3, 10, 2, 6, 8, 6, 9, 1, 9, 1, 5, 1, 1, 11, 2, 8, 1, 6, 7, 8, 9, 5, 9, 1, 1, 7, 3, 10] f(x) = 0.088485507581718
Best solution in generation 45 is: x = [4, 9, 6, 7, 9, 6, 2, 6, 9, 10, 7, 11, 7, 7, 4, 7, 7, 7, 10, 5, 10, 9, 2, 8, 9, 2, 8, 11, 2, 8, 9, 10, 7, 2, 11, 9, 7, 2, 9, 1, 7, 11, 7, 7, 7, 11, 2, 2, 7, 10, 3, 3, 5, 8, 11, 1, 8, 10, 3, 10, 1, 8, 11, 9, 5, 3, 1, 3, 6, 1, 5, 6, 5, 1, 9, 8, 8, 3, 10, 2, 6, 8, 6, 9, 1, 9, 1, 5, 1, 1, 11, 2, 8, 1, 6, 7, 8, 9, 5, 9, 1, 1, 7, 3, 10] f(x) = 0.08928507154940639
Best solution in generation 46 is: x = [4, 9, 6, 7, 9, 6, 2, 10, 9, 10, 7, 11, 7, 7, 4, 7, 7, 7, 10, 5, 10, 9, 2, 8, 9, 2, 8, 11, 2, 8, 9, 8, 7, 2, 11, 9, 7, 2, 9, 1, 7, 11, 7, 7, 7, 11, 2, 2, 10, 10, 4, 8, 5, 8, 11, 1, 8, 10, 3, 10, 1, 8, 9, 9, 5, 3, 1, 3, 6, 1, 6, 6, 5, 1, 9, 8, 8, 3, 10, 2, 6, 8, 6, 9, 1, 9, 1, 5, 1, 1, 11, 2, 8, 1, 8, 7, 8, 9, 5, 9, 1, 1, 7, 3, 10] f(x) = 0.08829268668918872
Best solution in generation 47 is: x = [4, 9, 6, 7, 9, 6, 2, 10, 9, 10, 7, 11, 7, 7, 4, 7, 7, 7, 10, 5, 10, 9, 2, 8, 9, 2, 9, 11, 2, 8, 9, 8, 7, 2, 11, 9, 7, 2, 9, 1, 7, 11, 7, 7, 7, 11, 2, 2, 7, 10, 3, 5, 5, 8, 11, 1, 8, 10, 3, 10, 1, 8, 9, 9, 5, 3, 1, 3, 6, 1, 6, 6, 5, 1, 9, 8, 8, 3, 10, 2, 6, 8, 8, 9, 1, 9, 1, 5, 1, 1, 11, 2, 8, 1, 8, 7, 8, 9, 5, 9, 1, 1, 7, 3, 10] f(x) = 0.09005635511952381
Best solution in generation 48 is: x = [4, 9, 6, 7, 9, 6, 2, 10, 9, 10, 7, 11, 7, 7, 10, 7, 7, 7, 10, 4, 10, 9, 2, 8, 9, 2, 8, 11, 3, 8, 9, 10, 7, 2, 11, 9, 7, 2, 9, 1, 7, 11, 7, 7, 7, 11, 2, 2, 1, 10, 3, 5, 5, 8, 11, 1, 3, 10, 3, 10, 1, 8, 9, 9, 5, 3, 1, 3, 6, 1, 5, 6, 5, 1, 9, 8, 8, 3, 10, 2, 6, 8, 6, 9, 1, 9, 1, 5, 1, 1, 10, 2, 10, 1, 6, 7, 5, 6, 5, 9, 1, 1, 7, 3, 10] f(x) = 0.08830297047012359
Best solution in generation 49 is: x = [4, 9, 6, 7, 9, 6, 2, 10, 9, 10, 7, 11, 7, 7, 4, 7, 7, 7, 10, 5, 10, 9, 2, 8, 9, 2, 8, 11, 2, 8, 9, 10, 7, 2, 11, 9, 7, 2, 9, 1, 7, 11, 7, 7, 7, 11, 2, 2, 7, 10, 3, 5, 5, 8, 11, 1, 8, 10, 3, 10, 1, 8, 1, 9, 5, 3, 1, 3, 6, 1, 5, 6, 5, 1, 9, 3, 8, 3, 10, 4, 6, 8, 6, 1, 1, 9, 1, 5, 1, 1, 11, 2, 8, 1, 6, 7, 8, 9, 5, 9, 1, 1, 7, 3, 10] f(x) = 0.08890971354528251
Best solution in generation 50 is: x = [4, 9, 6, 7, 9, 6, 2, 10, 9, 10, 7, 11, 7, 7, 4, 7, 7, 7, 10, 5, 10, 9, 2, 8, 9, 2, 8, 11, 2, 8, 9, 10, 7, 2, 11, 9, 7, 2, 9, 1, 7, 11, 7, 7, 7, 11, 2, 2, 7, 10, 3, 5, 5, 8, 11, 1, 8, 10, 3, 10, 1, 8, 1, 9, 5, 3, 1, 3, 6, 1, 5, 6, 5, 1, 9, 3, 8, 3, 10, 4, 6, 8, 6, 1, 1, 3, 1, 5, 1, 1, 11, 2, 8, 1, 6, 7, 8, 9, 5, 9, 1, 1, 7, 3, 10] f(x) = 0.09117728724142765
Best solution in generation 51 is: x = [4, 11, 6, 7, 9, 6, 2, 10, 2, 10, 7, 11, 7, 7, 4, 7, 7, 7, 10, 5, 10, 9, 2, 8, 8, 2, 8, 11, 2, 8, 9, 10, 7, 2, 11, 9, 7, 2, 6, 1, 7, 11, 7, 7, 7, 11, 2, 2, 7, 1, 3, 5, 5, 8, 11, 3, 8, 10, 3, 10, 1, 8, 9, 9, 5, 3, 1, 3, 6, 1, 6, 6, 5, 1, 9, 8, 8, 3, 10, 2, 6, 8, 6, 9, 1, 9, 1, 5, 1, 1, 11, 2, 1, 1, 6, 7, 8, 9, 5, 1, 1, 1, 7, 3, 10] f(x) = 0.0883363927581619
Best solution in generation 52 is: x = [4, 9, 6, 7, 9, 6, 2, 10, 9, 10, 7, 11, 7, 7, 5, 7, 7, 7, 10, 5, 10, 9, 2, 7, 7, 2, 8, 11, 2, 8, 3, 10, 4, 2, 9, 9, 7, 2, 9, 1, 7, 11, 7, 5, 7, 11, 2, 2, 7, 10, 3, 5, 5, 8, 11, 1, 8, 10, 3, 10, 1, 8, 1, 9, 3, 3, 1, 3, 6, 1, 5, 6, 5, 1, 9, 3, 8, 3, 10, 2, 6, 8, 6, 9, 1, 9, 1, 5, 1, 1, 11, 2, 8, 1, 6, 7, 6, 9, 5, 9, 1, 1, 7, 3, 10] f(x) = 0.09121328047469983
Best solution in generation 53 is: x = [4, 9, 6, 7, 9, 6, 2, 10, 9, 10, 7, 11, 7, 7, 10, 7, 7, 7, 10, 5, 10, 9, 2, 7, 7, 2, 8, 11, 2, 8, 3, 10, 4, 2, 9, 9, 7, 2, 9, 1, 7, 11, 7, 5, 7, 11, 2, 2, 7, 10, 9, 5, 5, 8, 11, 1, 8, 10, 3, 10, 1, 8, 1, 9, 3, 3, 1, 3, 6, 1, 5, 6, 5, 1, 9, 3, 8, 3, 10, 2, 6, 8, 6, 9, 1, 9, 1, 5, 1, 1, 11, 2, 8, 1, 6, 7, 6, 9, 5, 9, 1, 1, 7, 3, 10] f(x) = 0.09223651667772223
Best solution in generation 54 is: x = [4, 9, 6, 7, 8, 6, 2, 10, 9, 10, 7, 2, 7, 7, 10, 7, 7, 7, 10, 4, 10, 9, 2, 8, 9, 2, 8, 11, 3, 8, 9, 10, 7, 2, 11, 9, 7, 2, 9, 1, 7, 11, 7, 7, 7, 11, 2, 2, 1, 10, 3, 5, 5, 8, 11, 1, 3, 8, 3, 10, 1, 8, 9, 9, 5, 3, 1, 3, 6, 1, 5, 6, 5, 1, 9, 8, 8, 8, 10, 2, 6, 8, 6, 9, 1, 9, 1, 5, 1, 1, 10, 2, 10, 1, 1, 6, 5, 4, 5, 9, 1, 1, 7, 3, 10] f(x) = 0.09051398337112677
Best solution in generation 55 is: x = [9, 9, 6, 7, 6, 6, 2, 10, 9, 7, 7, 11, 7, 7, 4, 7, 7, 7, 10, 5, 10, 9, 2, 2, 9, 2, 8, 11, 2, 8, 9, 8, 7, 2, 11, 9, 7, 2, 11, 7, 7, 11, 7, 7, 7, 11, 2, 7, 7, 10, 3, 5, 5, 8, 11, 1, 8, 10, 3, 10, 1, 8, 9, 9, 5, 3, 1, 3, 6, 1, 6, 6, 5, 1, 9, 8, 8, 3, 10, 2, 6, 8, 6, 9, 1, 3, 1, 1, 1, 1, 6, 2, 8, 1, 6, 9, 8, 9, 5, 7, 1, 1, 7, 3, 3] f(x) = 0.0959592453761556
Best solution in generation 56 is: x = [9, 9, 6, 7, 6, 6, 2, 10, 9, 7, 7, 11, 7, 7, 4, 7, 7, 7, 10, 5, 10, 9, 2, 2, 9, 2, 8, 11, 2, 8, 9, 8, 7, 2, 11, 9, 7, 2, 11, 7, 7, 11, 7, 7, 7, 11, 2, 7, 7, 10, 3, 5, 5, 8, 11, 1, 8, 10, 3, 10, 1, 8, 9, 9, 5, 3, 1, 3, 6, 1, 6, 6, 2, 1, 9, 8, 8, 3, 10, 2, 6, 8, 6, 9, 1, 3, 1, 1, 1, 1, 6, 2, 8, 1, 6, 9, 8, 9, 5, 7, 1, 1, 7, 3, 3] f(x) = 0.09874872095474682
Best solution in generation 57 is: x = [4, 11, 6, 7, 9, 6, 2, 10, 2, 7, 7, 11, 7, 7, 4, 7, 7, 7, 10, 5, 10, 7, 2, 8, 3, 2, 8, 11, 2, 8, 9, 10, 7, 2, 11, 9, 7, 2, 11, 7, 7, 11, 7, 7, 7, 11, 2, 3, 7, 1, 3, 5, 5, 8, 11, 3, 8, 10, 3, 10, 1, 8, 9, 9, 5, 3, 1, 3, 6, 1, 6, 6, 5, 1, 9, 8, 8, 3, 10, 2, 6, 10, 6, 8, 1, 9, 1, 5, 1, 1, 11, 2, 1, 1, 4, 7, 8, 9, 5, 1, 1, 1, 7, 3, 10] f(x) = 0.09346285755420887
Best solution in generation 58 is: x = [4, 9, 6, 7, 8, 6, 2, 10, 4, 10, 7, 2, 7, 7, 10, 7, 7, 7, 10, 5, 10, 9, 2, 8, 9, 2, 8, 11, 2, 8, 9, 10, 7, 2, 11, 9, 7, 2, 9, 1, 7, 11, 7, 7, 7, 11, 2, 2, 1, 10, 3, 5, 5, 8, 11, 1, 3, 7, 3, 10, 1, 8, 9, 9, 5, 3, 1, 3, 6, 3, 5, 6, 5, 1, 9, 8, 8, 8, 10, 2, 6, 8, 6, 9, 1, 9, 1, 5, 1, 1, 10, 2, 10, 1, 1, 6, 3, 4, 5, 9, 1, 1, 7, 3, 10] f(x) = 0.0932957461140168
Best solution in generation 59 is: x = [9, 9, 6, 7, 6, 6, 2, 10, 9, 7, 7, 11, 7, 7, 4, 7, 7, 7, 10, 5, 10, 9, 2, 8, 9, 2, 8, 11, 2, 8, 9, 8, 7, 2, 11, 9, 7, 2, 11, 7, 7, 7, 7, 7, 7, 11, 2, 2, 7, 10, 3, 5, 5, 8, 1, 3, 8, 10, 3, 10, 1, 8, 9, 9, 5, 3, 1, 3, 6, 1, 6, 6, 5, 1, 9, 8, 8, 3, 10, 2, 6, 8, 6, 9, 1, 3, 1, 1, 1, 1, 6, 2, 8, 1, 6, 9, 8, 9, 5, 1, 1, 1, 7, 3, 3] f(x) = 0.09799286305603178
Best solution in generation 60 is: x = [9, 9, 6, 7, 6, 6, 2, 10, 9, 7, 7, 11, 7, 7, 4, 7, 7, 7, 10, 5, 10, 9, 2, 8, 9, 2, 8, 11, 2, 8, 9, 8, 7, 2, 11, 9, 7, 2, 11, 7, 7, 7, 7, 7, 7, 10, 2, 2, 7, 10, 3, 5, 5, 8, 11, 3, 8, 10, 3, 10, 1, 8, 9, 9, 5, 3, 1, 3, 6, 1, 6, 6, 5, 1, 9, 8, 8, 3, 10, 2, 6, 8, 6, 8, 1, 3, 1, 1, 1, 1, 6, 2, 8, 1, 6, 9, 8, 9, 5, 9, 1, 1, 7, 3, 3] f(x) = 0.09710845789563056
Best solution in generation 61 is: x = [9, 9, 6, 7, 6, 6, 2, 10, 9, 7, 7, 11, 7, 7, 4, 7, 7, 7, 10, 5, 10, 7, 2, 8, 9, 2, 8, 11, 2, 8, 9, 8, 7, 2, 11, 9, 7, 2, 11, 7, 7, 7, 7, 7, 7, 10, 2, 2, 7, 10, 3, 5, 5, 8, 11, 3, 8, 10, 3, 10, 1, 8, 9, 9, 5, 3, 1, 3, 6, 1, 6, 6, 5, 1, 9, 8, 8, 3, 10, 2, 6, 8, 6, 8, 1, 3, 1, 1, 1, 1, 6, 2, 8, 1, 6, 9, 6, 9, 5, 9, 1, 1, 7, 3, 3] f(x) = 0.09937088970130824
Best solution in generation 62 is: x = [9, 9, 6, 7, 6, 6, 2, 10, 9, 7, 7, 11, 7, 7, 4, 7, 7, 7, 10, 5, 10, 7, 2, 8, 9, 2, 8, 11, 2, 8, 1, 8, 7, 2, 11, 9, 7, 2, 11, 7, 7, 7, 7, 7, 7, 10, 2, 2, 7, 10, 3, 5, 5, 8, 11, 3, 8, 10, 3, 10, 1, 8, 9, 9, 5, 3, 1, 3, 6, 1, 6, 6, 5, 1, 9, 8, 8, 3, 10, 2, 6, 8, 6, 8, 1, 3, 1, 1, 1, 1, 6, 2, 8, 1, 6, 9, 6, 9, 5, 9, 1, 1, 7, 3, 3] f(x) = 0.10277225024552596
Best solution in generation 63 is: x = [9, 9, 6, 7, 6, 6, 2, 10, 9, 7, 7, 11, 7, 7, 4, 7, 7, 7, 10, 5, 7, 9, 2, 8, 9, 2, 8, 11, 2, 8, 9, 8, 7, 2, 11, 9, 7, 2, 11, 7, 7, 7, 7, 7, 7, 10, 2, 2, 7, 10, 3, 5, 5, 8, 11, 9, 8, 10, 3, 10, 1, 8, 9, 9, 5, 3, 1, 3, 6, 1, 6, 6, 5, 1, 9, 8, 8, 3, 10, 2, 6, 8, 6, 9, 1, 3, 1, 1, 1, 1, 6, 2, 8, 1, 1, 7, 8, 9, 5, 9, 1, 1, 7, 3, 3] f(x) = 0.10199068289447363
Best solution in generation 64 is: x = [9, 9, 6, 7, 6, 6, 2, 10, 9, 7, 7, 11, 7, 7, 4, 7, 7, 7, 10, 5, 10, 7, 2, 8, 9, 2, 8, 11, 2, 8, 9, 8, 7, 2, 11, 9, 7, 2, 7, 7, 7, 7, 7, 7, 7, 10, 2, 2, 7, 10, 10, 5, 5, 8, 1, 3, 8, 10, 3, 10, 1, 8, 9, 9, 5, 3, 1, 3, 6, 1, 6, 6, 5, 1, 9, 8, 8, 3, 10, 2, 6, 8, 6, 8, 1, 3, 1, 1, 1, 1, 6, 2, 8, 1, 6, 9, 6, 9, 5, 1, 1, 1, 7, 3, 3] f(x) = 0.1014687810120275
Best solution in generation 65 is: x = [9, 9, 6, 7, 6, 6, 2, 10, 6, 7, 7, 11, 7, 7, 4, 7, 7, 7, 10, 5, 10, 7, 2, 8, 9, 2, 8, 11, 2, 8, 1, 8, 7, 2, 11, 9, 7, 2, 7, 7, 7, 7, 7, 7, 7, 11, 2, 2, 7, 10, 3, 5, 5, 8, 11, 3, 8, 10, 3, 10, 1, 8, 9, 9, 5, 3, 1, 3, 6, 1, 6, 6, 5, 1, 9, 8, 8, 3, 10, 2, 6, 8, 6, 8, 1, 3, 1, 10, 1, 1, 6, 2, 8, 1, 4, 9, 6, 9, 5, 9, 1, 1, 7, 3, 3] f(x) = 0.10214236866326334
Best solution in generation 66 is: x = [9, 9, 6, 7, 6, 6, 2, 10, 6, 7, 7, 11, 7, 7, 4, 7, 7, 7, 10, 5, 10, 7, 2, 8, 5, 2, 8, 11, 2, 8, 1, 8, 7, 2, 11, 9, 7, 2, 7, 7, 7, 7, 7, 7, 7, 11, 2, 2, 7, 10, 3, 5, 5, 8, 11, 3, 8, 10, 3, 10, 1, 8, 9, 9, 5, 3, 1, 3, 6, 1, 6, 6, 5, 1, 9, 8, 8, 3, 10, 2, 6, 8, 6, 8, 1, 3, 1, 10, 1, 1, 6, 2, 8, 1, 4, 9, 6, 9, 5, 9, 1, 1, 7, 3, 3] f(x) = 0.10213208488232844
Best solution in generation 67 is: x = [9, 9, 6, 7, 6, 9, 2, 10, 6, 7, 7, 11, 7, 7, 4, 7, 7, 7, 10, 5, 10, 7, 2, 8, 9, 2, 8, 11, 2, 8, 6, 8, 7, 2, 11, 9, 7, 2, 11, 7, 7, 7, 7, 7, 7, 11, 2, 2, 7, 10, 3, 5, 5, 8, 11, 3, 8, 10, 3, 10, 1, 8, 9, 9, 5, 3, 1, 3, 6, 1, 6, 6, 5, 1, 9, 8, 8, 3, 10, 2, 6, 8, 6, 8, 1, 3, 1, 10, 1, 1, 6, 8, 8, 1, 6, 7, 6, 9, 5, 9, 1, 1, 7, 3, 3] f(x) = 0.10168988230212783
Best solution in generation 68 is: x = [9, 9, 6, 7, 6, 6, 2, 10, 6, 7, 7, 11, 7, 7, 4, 7, 7, 7, 10, 5, 10, 11, 2, 8, 5, 2, 8, 11, 2, 8, 1, 8, 7, 2, 11, 9, 7, 2, 7, 7, 7, 7, 7, 7, 7, 11, 2, 2, 7, 10, 3, 5, 5, 8, 11, 3, 8, 10, 3, 10, 1, 8, 9, 9, 5, 3, 1, 3, 6, 1, 6, 6, 5, 1, 9, 8, 8, 3, 9, 2, 6, 8, 6, 8, 1, 3, 1, 10, 1, 1, 6, 2, 8, 1, 4, 9, 6, 9, 5, 9, 1, 1, 7, 3, 3] f(x) = 0.10232233482962408
Best solution in generation 69 is: x = [9, 9, 6, 7, 6, 6, 2, 10, 6, 7, 7, 11, 7, 7, 4, 7, 7, 7, 10, 5, 10, 11, 2, 8, 5, 2, 8, 11, 2, 8, 1, 8, 7, 2, 11, 9, 7, 2, 7, 7, 7, 7, 7, 7, 7, 11, 2, 2, 7, 10, 3, 5, 5, 8, 11, 3, 8, 10, 3, 10, 1, 8, 9, 9, 5, 3, 1, 3, 6, 1, 6, 6, 5, 1, 9, 8, 8, 3, 9, 2, 6, 8, 6, 8, 1, 3, 1, 10, 1, 1, 6, 2, 8, 1, 4, 9, 6, 9, 5, 1, 1, 1, 7, 3, 3] f(x) = 0.10673921874116302
Best solution in generation 70 is: x = [9, 9, 6, 7, 6, 6, 2, 10, 7, 7, 7, 11, 7, 7, 4, 7, 7, 7, 10, 5, 10, 11, 2, 8, 5, 2, 8, 11, 2, 8, 1, 8, 7, 2, 11, 9, 7, 2, 7, 7, 7, 7, 7, 7, 7, 11, 2, 2, 7, 10, 3, 5, 5, 8, 11, 3, 8, 10, 3, 10, 1, 8, 9, 9, 5, 3, 1, 3, 6, 1, 6, 6, 5, 1, 9, 8, 8, 3, 9, 2, 6, 8, 6, 8, 1, 3, 1, 10, 1, 1, 6, 8, 8, 1, 4, 9, 6, 9, 5, 9, 1, 1, 7, 3, 3] f(x) = 0.11182454841347038
Best solution in generation 71 is: x = [9, 9, 6, 7, 6, 6, 2, 10, 6, 7, 7, 11, 7, 7, 4, 7, 7, 7, 10, 5, 10, 11, 2, 8, 5, 2, 8, 11, 2, 8, 1, 8, 7, 2, 11, 5, 7, 2, 7, 7, 7, 7, 7, 7, 7, 11, 2, 2, 7, 10, 3, 5, 5, 8, 3, 3, 8, 10, 3, 10, 1, 8, 9, 9, 5, 3, 1, 3, 6, 1, 6, 6, 5, 1, 9, 8, 8, 3, 9, 2, 6, 8, 6, 8, 1, 3, 1, 10, 1, 1, 6, 2, 8, 1, 4, 9, 6, 9, 5, 1, 1, 1, 7, 3, 3] f(x) = 0.1053714758768215
Best solution in generation 72 is: x = [9, 9, 6, 7, 6, 6, 2, 10, 6, 7, 7, 11, 7, 7, 4, 7, 7, 7, 10, 5, 10, 11, 2, 8, 5, 2, 8, 11, 2, 8, 1, 8, 7, 2, 11, 9, 7, 2, 7, 7, 7, 7, 7, 7, 7, 11, 2, 2, 7, 10, 3, 5, 5, 8, 11, 3, 8, 10, 3, 10, 1, 8, 9, 9, 5, 3, 1, 3, 6, 1, 6, 6, 5, 1, 9, 8, 8, 3, 9, 2, 6, 8, 6, 8, 1, 7, 1, 10, 1, 1, 6, 2, 8, 1, 4, 9, 6, 9, 5, 1, 1, 1, 4, 3, 3] f(x) = 0.10560543189309045
Best solution in generation 73 is: x = [9, 9, 6, 7, 6, 6, 2, 10, 6, 7, 7, 11, 7, 7, 4, 7, 7, 7, 10, 5, 10, 11, 2, 8, 5, 2, 8, 11, 2, 8, 1, 8, 7, 2, 11, 9, 7, 2, 7, 7, 7, 7, 7, 7, 7, 11, 2, 2, 7, 10, 3, 5, 5, 8, 11, 3, 8, 10, 3, 10, 1, 8, 9, 9, 5, 3, 1, 3, 6, 1, 6, 6, 5, 1, 5, 8, 8, 3, 10, 2, 7, 1, 6, 8, 1, 7, 1, 10, 1, 1, 6, 2, 8, 1, 4, 9, 6, 9, 5, 1, 1, 1, 7, 3, 3] f(x) = 0.10602706691142123
Best solution in generation 74 is: x = [9, 9, 6, 7, 6, 6, 2, 10, 6, 7, 7, 11, 7, 7, 4, 7, 7, 7, 10, 5, 10, 11, 2, 8, 5, 2, 8, 11, 2, 8, 1, 8, 7, 2, 2, 9, 7, 2, 7, 7, 7, 7, 7, 7, 7, 11, 2, 2, 7, 10, 3, 5, 5, 8, 11, 3, 8, 10, 3, 10, 1, 8, 9, 9, 5, 3, 1, 3, 6, 1, 6, 6, 5, 1, 5, 8, 8, 3, 10, 2, 7, 1, 6, 8, 1, 7, 1, 10, 1, 1, 6, 2, 8, 1, 4, 9, 6, 9, 5, 1, 1, 1, 7, 3, 3] f(x) = 0.10707087067631346
Best solution in generation 75 is: x = [9, 9, 6, 7, 6, 6, 2, 10, 6, 7, 7, 11, 7, 7, 4, 7, 7, 7, 10, 5, 10, 11, 2, 8, 5, 2, 8, 11, 2, 8, 1, 8, 7, 2, 2, 9, 7, 2, 7, 7, 7, 7, 7, 7, 7, 11, 2, 2, 7, 10, 3, 5, 5, 8, 11, 1, 8, 10, 3, 10, 1, 8, 9, 9, 5, 3, 1, 3, 6, 1, 6, 6, 5, 1, 5, 8, 8, 3, 10, 2, 7, 1, 6, 8, 1, 7, 1, 10, 1, 1, 6, 2, 8, 1, 4, 9, 6, 9, 5, 1, 1, 1, 7, 3, 3] f(x) = 0.10707087067631346
Best solution in generation 76 is: x = [9, 9, 6, 7, 6, 6, 2, 10, 6, 7, 7, 11, 7, 7, 4, 7, 7, 7, 10, 5, 10, 11, 2, 8, 5, 2, 4, 11, 2, 6, 1, 8, 7, 2, 11, 9, 7, 10, 7, 7, 7, 7, 7, 7, 7, 11, 2, 2, 7, 10, 3, 5, 5, 5, 11, 3, 8, 10, 3, 10, 1, 8, 9, 9, 5, 3, 1, 3, 6, 3, 6, 6, 5, 1, 9, 8, 8, 3, 10, 2, 6, 8, 6, 8, 1, 7, 1, 10, 1, 1, 6, 2, 8, 1, 4, 9, 6, 9, 5, 1, 1, 1, 4, 3, 3] f(x) = 0.10725340778790789
Best solution in generation 77 is: x = [9, 9, 6, 7, 6, 6, 2, 10, 6, 7, 7, 11, 7, 7, 4, 7, 7, 7, 10, 5, 10, 11, 2, 8, 5, 2, 8, 11, 2, 8, 1, 8, 7, 2, 11, 9, 7, 2, 7, 7, 7, 7, 7, 7, 7, 11, 2, 2, 7, 10, 6, 5, 5, 8, 11, 7, 8, 10, 3, 10, 1, 8, 9, 9, 5, 3, 1, 3, 6, 1, 6, 6, 10, 1, 9, 8, 8, 3, 9, 2, 6, 8, 6, 8, 1, 2, 1, 10, 1, 1, 6, 2, 8, 1, 4, 9, 6, 9, 5, 1, 1, 1, 4, 3, 3] f(x) = 0.11002745769509681
Best solution in generation 78 is: x = [9, 9, 6, 7, 6, 6, 2, 10, 9, 7, 7, 11, 7, 7, 7, 7, 7, 7, 10, 5, 10, 11, 2, 8, 5, 2, 4, 11, 2, 8, 1, 8, 7, 2, 11, 9, 7, 2, 7, 7, 7, 7, 7, 7, 7, 11, 2, 2, 7, 10, 7, 5, 5, 5, 11, 3, 8, 10, 3, 10, 1, 8, 9, 9, 5, 3, 1, 3, 6, 1, 6, 6, 5, 1, 9, 8, 8, 3, 9, 2, 6, 8, 6, 8, 1, 7, 1, 10, 1, 1, 6, 2, 8, 1, 4, 9, 6, 9, 5, 1, 1, 1, 4, 3, 3] f(x) = 0.10847717771916086
Best solution in generation 79 is: x = [9, 9, 6, 7, 6, 6, 2, 10, 9, 7, 7, 11, 7, 7, 7, 7, 7, 7, 10, 5, 10, 11, 2, 8, 5, 2, 4, 11, 2, 8, 1, 8, 7, 2, 11, 9, 7, 2, 7, 7, 7, 7, 7, 7, 7, 11, 2, 2, 7, 10, 7, 5, 5, 5, 11, 3, 8, 10, 3, 10, 1, 8, 9, 9, 5, 3, 1, 3, 6, 1, 6, 6, 5, 1, 9, 8, 8, 3, 9, 2, 6, 8, 6, 8, 1, 7, 1, 10, 1, 1, 6, 2, 8, 1, 4, 9, 1, 9, 5, 1, 1, 1, 4, 3, 3] f(x) = 0.11276551436901351
Best solution in generation 80 is: x = [9, 9, 6, 7, 6, 6, 2, 10, 2, 7, 7, 10, 7, 7, 4, 7, 7, 7, 10, 5, 10, 11, 9, 8, 5, 2, 9, 11, 2, 8, 1, 8, 7, 2, 11, 2, 7, 2, 7, 7, 7, 7, 7, 7, 7, 11, 2, 2, 7, 10, 3, 5, 5, 8, 11, 3, 8, 10, 3, 5, 1, 8, 11, 1, 5, 3, 1, 3, 6, 1, 6, 6, 5, 1, 9, 8, 8, 3, 9, 2, 6, 8, 6, 8, 1, 3, 1, 1, 1, 1, 6, 2, 8, 1, 1, 7, 8, 9, 5, 1, 1, 1, 4, 3, 3] f(x) = 0.11220761925329532
Best solution in generation 81 is: x = [9, 9, 6, 7, 6, 6, 2, 10, 2, 7, 7, 10, 7, 7, 4, 7, 7, 7, 10, 5, 10, 11, 9, 8, 5, 2, 9, 11, 2, 8, 1, 6, 7, 2, 11, 2, 7, 2, 7, 7, 7, 7, 7, 7, 7, 11, 2, 2, 7, 10, 3, 5, 5, 8, 11, 3, 5, 10, 3, 10, 1, 8, 11, 9, 5, 3, 1, 3, 6, 1, 6, 6, 5, 1, 9, 8, 8, 3, 9, 2, 6, 8, 6, 8, 1, 3, 1, 1, 1, 1, 6, 2, 8, 1, 1, 7, 8, 9, 5, 1, 1, 1, 7, 3, 3] f(x) = 0.11247756850283637
Best solution in generation 82 is: x = [9, 9, 6, 7, 6, 6, 2, 10, 7, 7, 7, 11, 7, 7, 7, 7, 7, 7, 10, 3, 10, 10, 2, 8, 5, 2, 4, 11, 2, 11, 1, 8, 7, 2, 11, 9, 7, 2, 7, 7, 7, 7, 7, 7, 7, 11, 2, 2, 7, 10, 2, 5, 5, 8, 11, 3, 8, 10, 3, 10, 1, 8, 9, 6, 5, 3, 1, 3, 6, 8, 6, 6, 5, 1, 9, 8, 8, 3, 9, 2, 6, 8, 6, 8, 1, 7, 1, 10, 9, 1, 6, 2, 8, 1, 4, 9, 6, 9, 5, 1, 1, 1, 4, 3, 3] f(x) = 0.11500480766758772
Best solution in generation 83 is: x = [9, 9, 6, 7, 6, 6, 2, 10, 7, 7, 7, 11, 7, 7, 7, 7, 7, 7, 10, 3, 10, 10, 2, 8, 5, 2, 4, 11, 2, 11, 1, 8, 7, 2, 11, 9, 7, 2, 7, 7, 7, 7, 7, 7, 7, 11, 2, 2, 7, 10, 2, 5, 5, 8, 11, 3, 8, 10, 3, 10, 1, 8, 9, 6, 5, 3, 1, 3, 6, 8, 6, 6, 5, 1, 9, 8, 8, 3, 9, 2, 6, 8, 4, 8, 1, 7, 1, 10, 9, 1, 6, 2, 8, 1, 4, 9, 6, 9, 5, 1, 1, 1, 4, 3, 3] f(x) = 0.11393529445035827
Best solution in generation 84 is: x = [9, 9, 6, 7, 6, 6, 2, 10, 7, 7, 7, 11, 7, 7, 7, 7, 7, 7, 10, 5, 10, 11, 2, 8, 5, 2, 4, 11, 9, 11, 1, 8, 7, 2, 11, 9, 7, 2, 7, 7, 7, 7, 7, 7, 7, 11, 7, 2, 7, 10, 2, 5, 5, 8, 11, 3, 8, 10, 3, 10, 1, 8, 9, 6, 5, 3, 1, 3, 6, 8, 6, 6, 5, 1, 9, 8, 8, 3, 9, 2, 6, 8, 6, 8, 1, 7, 1, 10, 9, 1, 6, 2, 8, 1, 4, 9, 6, 9, 5, 1, 1, 1, 4, 3, 3] f(x) = 0.11427723016644364
Best solution in generation 85 is: x = [9, 9, 6, 7, 6, 6, 2, 10, 7, 7, 7, 11, 7, 7, 7, 7, 7, 7, 10, 5, 10, 11, 2, 8, 5, 2, 4, 11, 9, 11, 1, 8, 7, 2, 11, 9, 7, 2, 7, 7, 7, 7, 7, 7, 7, 11, 7, 2, 7, 10, 2, 5, 5, 8, 11, 3, 8, 10, 3, 10, 1, 8, 9, 6, 5, 3, 1, 3, 6, 8, 6, 6, 5, 1, 9, 8, 8, 3, 9, 2, 6, 8, 6, 8, 1, 7, 1, 10, 9, 1, 6, 2, 8, 1, 4, 10, 6, 9, 5, 1, 1, 1, 4, 3, 3] f(x) = 0.11430808150924833
Best solution in generation 86 is: x = [9, 9, 6, 7, 6, 6, 2, 10, 7, 7, 7, 11, 7, 7, 7, 7, 7, 7, 10, 5, 10, 11, 2, 8, 5, 2, 4, 11, 2, 8, 1, 8, 7, 2, 11, 9, 7, 2, 7, 7, 7, 7, 7, 7, 7, 11, 7, 2, 7, 10, 2, 5, 5, 8, 11, 11, 8, 10, 3, 10, 1, 8, 9, 6, 5, 3, 1, 3, 6, 8, 6, 6, 5, 1, 9, 8, 8, 3, 9, 2, 6, 8, 6, 8, 1, 7, 1, 10, 9, 1, 6, 2, 8, 1, 4, 10, 6, 9, 5, 1, 1, 1, 4, 3, 3] f(x) = 0.11321028789444791
Best solution in generation 87 is: x = [9, 9, 6, 7, 6, 3, 2, 10, 6, 7, 7, 11, 7, 7, 4, 7, 7, 7, 10, 3, 10, 10, 2, 8, 5, 2, 4, 11, 6, 8, 1, 8, 7, 2, 11, 9, 7, 2, 7, 7, 7, 7, 7, 7, 7, 10, 2, 2, 7, 10, 4, 5, 5, 8, 11, 3, 8, 10, 3, 11, 1, 8, 9, 6, 5, 3, 1, 3, 1, 3, 6, 6, 5, 1, 9, 8, 8, 3, 9, 1, 7, 8, 6, 8, 1, 3, 1, 5, 1, 1, 6, 2, 8, 1, 4, 9, 9, 9, 5, 1, 1, 1, 4, 3, 3] f(x) = 0.11144147757364532
Best solution in generation 88 is: x = [9, 9, 6, 7, 6, 6, 2, 10, 7, 7, 7, 10, 7, 7, 4, 7, 7, 7, 10, 3, 10, 10, 2, 8, 5, 2, 4, 11, 2, 8, 1, 8, 7, 2, 11, 9, 7, 2, 7, 7, 7, 7, 7, 9, 7, 10, 2, 2, 10, 10, 7, 5, 5, 8, 11, 3, 8, 3, 3, 10, 1, 8, 9, 1, 5, 3, 1, 3, 6, 3, 6, 6, 5, 1, 8, 8, 8, 2, 9, 2, 6, 10, 6, 8, 1, 7, 1, 10, 9, 1, 6, 2, 8, 1, 4, 9, 6, 9, 5, 1, 1, 1, 4, 3, 3] f(x) = 0.11311773386603377
Best solution in generation 89 is: x = [9, 9, 6, 7, 6, 6, 2, 10, 2, 7, 7, 10, 7, 7, 4, 7, 7, 7, 10, 5, 10, 11, 9, 11, 9, 2, 1, 11, 2, 8, 1, 4, 7, 2, 11, 2, 7, 2, 7, 7, 7, 7, 7, 7, 7, 7, 2, 2, 7, 10, 3, 5, 5, 8, 11, 3, 8, 10, 3, 5, 1, 2, 11, 1, 5, 3, 1, 3, 1, 3, 6, 6, 5, 1, 9, 8, 8, 10, 9, 2, 6, 8, 6, 8, 1, 3, 1, 1, 1, 1, 6, 2, 8, 1, 1, 7, 8, 9, 5, 1, 1, 1, 4, 3, 3] f(x) = 0.11669134774091106
Best solution in generation 90 is: x = [9, 9, 6, 7, 6, 6, 2, 10, 7, 3, 7, 11, 7, 7, 4, 7, 7, 7, 10, 3, 10, 10, 2, 8, 5, 2, 4, 11, 6, 8, 1, 8, 7, 2, 11, 7, 7, 2, 7, 7, 7, 7, 7, 7, 5, 10, 2, 2, 7, 10, 4, 5, 5, 8, 11, 3, 8, 10, 3, 10, 9, 8, 9, 6, 5, 3, 1, 3, 1, 3, 6, 6, 1, 1, 9, 8, 8, 3, 9, 2, 6, 8, 6, 8, 1, 3, 1, 5, 1, 1, 6, 2, 3, 1, 4, 9, 9, 9, 5, 1, 1, 1, 7, 3, 3] f(x) = 0.12023668121821733
Best solution in generation 91 is: x = [9, 5, 6, 7, 6, 6, 2, 10, 7, 3, 7, 11, 7, 7, 4, 7, 7, 7, 10, 3, 10, 10, 2, 8, 5, 2, 4, 11, 6, 8, 1, 8, 7, 2, 11, 7, 7, 2, 7, 7, 7, 7, 7, 7, 5, 10, 2, 2, 7, 10, 4, 5, 5, 8, 11, 3, 8, 10, 3, 10, 9, 8, 9, 6, 5, 3, 1, 3, 1, 3, 6, 6, 1, 1, 9, 8, 8, 3, 9, 2, 6, 8, 6, 8, 1, 3, 1, 5, 1, 1, 6, 2, 3, 1, 4, 9, 9, 9, 5, 1, 1, 1, 7, 3, 3] f(x) = 0.11917230989145526
Best solution in generation 92 is: x = [9, 9, 6, 7, 6, 6, 10, 10, 2, 7, 7, 11, 7, 7, 4, 7, 7, 4, 10, 5, 10, 11, 2, 2, 5, 7, 8, 11, 2, 4, 1, 8, 7, 2, 11, 2, 7, 2, 7, 7, 7, 7, 7, 7, 7, 11, 2, 2, 7, 10, 3, 6, 5, 8, 11, 3, 8, 10, 3, 5, 1, 2, 11, 1, 5, 3, 1, 3, 6, 1, 6, 6, 4, 1, 9, 8, 8, 3, 9, 2, 6, 8, 6, 8, 1, 3, 1, 1, 1, 1, 6, 2, 8, 1, 1, 2, 8, 9, 5, 1, 1, 1, 4, 3, 3] f(x) = 0.11997444480437756
Best solution in generation 93 is: x = [9, 9, 6, 7, 6, 6, 10, 10, 2, 7, 7, 11, 7, 7, 4, 7, 7, 4, 10, 5, 10, 11, 2, 2, 5, 7, 8, 11, 2, 4, 1, 8, 7, 2, 11, 2, 7, 2, 7, 7, 7, 7, 7, 7, 7, 7, 2, 2, 7, 10, 3, 6, 5, 8, 11, 3, 8, 10, 3, 5, 1, 2, 11, 1, 5, 3, 1, 3, 6, 1, 6, 6, 4, 1, 9, 8, 8, 3, 9, 2, 6, 8, 6, 8, 1, 3, 1, 1, 1, 1, 6, 2, 8, 1, 1, 2, 8, 9, 5, 1, 1, 1, 4, 3, 3] f(x) = 0.12092826548608944
Best solution in generation 94 is: x = [9, 9, 6, 7, 6, 6, 2, 10, 7, 7, 7, 11, 7, 7, 5, 7, 7, 7, 10, 3, 10, 10, 2, 8, 5, 2, 4, 11, 6, 1, 1, 8, 7, 2, 11, 7, 7, 2, 7, 7, 7, 7, 7, 7, 5, 10, 2, 2, 7, 10, 4, 5, 5, 8, 11, 3, 8, 10, 3, 10, 1, 8, 6, 6, 5, 3, 1, 3, 1, 3, 6, 6, 1, 1, 9, 8, 8, 3, 9, 2, 6, 8, 6, 8, 1, 3, 1, 5, 1, 1, 6, 2, 3, 1, 4, 9, 9, 6, 5, 1, 1, 1, 3, 3, 3] f(x) = 0.12248625829772643
Best solution in generation 95 is: x = [6, 5, 6, 7, 6, 6, 10, 10, 7, 3, 7, 11, 7, 7, 5, 7, 7, 7, 10, 3, 10, 8, 2, 8, 5, 2, 4, 11, 6, 8, 1, 8, 7, 2, 3, 7, 7, 2, 7, 7, 7, 7, 7, 7, 5, 10, 2, 2, 7, 10, 4, 5, 5, 8, 11, 3, 8, 10, 3, 10, 1, 8, 9, 6, 5, 3, 1, 3, 1, 3, 6, 6, 1, 1, 9, 8, 8, 3, 9, 2, 6, 8, 6, 8, 1, 3, 1, 5, 1, 1, 6, 2, 3, 1, 4, 9, 9, 9, 5, 1, 1, 1, 7, 3, 3] f(x) = 0.12335266684149164
Best solution in generation 96 is: x = [6, 5, 6, 7, 6, 6, 10, 10, 7, 3, 7, 11, 7, 7, 5, 7, 7, 7, 10, 3, 10, 8, 2, 8, 5, 2, 4, 11, 6, 8, 1, 8, 7, 2, 3, 7, 7, 2, 7, 7, 7, 7, 7, 7, 5, 10, 2, 2, 7, 10, 4, 5, 5, 8, 11, 3, 8, 10, 3, 10, 1, 8, 9, 6, 5, 3, 1, 3, 1, 3, 6, 6, 1, 1, 9, 8, 8, 3, 9, 2, 6, 8, 6, 8, 1, 3, 1, 5, 1, 1, 6, 2, 3, 1, 4, 9, 9, 9, 5, 1, 1, 1, 7, 3, 3] f(x) = 0.12335266684149164
Best solution in generation 97 is: x = [9, 9, 6, 7, 6, 6, 10, 10, 2, 7, 7, 11, 7, 7, 4, 7, 7, 4, 10, 5, 10, 11, 2, 2, 5, 7, 8, 11, 2, 4, 1, 8, 7, 2, 11, 2, 7, 2, 7, 7, 7, 7, 7, 7, 7, 11, 2, 2, 7, 10, 3, 6, 5, 8, 11, 3, 8, 10, 3, 10, 1, 10, 1, 1, 5, 3, 1, 3, 6, 1, 6, 6, 4, 1, 9, 8, 8, 3, 9, 2, 6, 8, 6, 8, 1, 3, 1, 1, 1, 1, 6, 2, 8, 1, 1, 2, 8, 9, 6, 1, 1, 1, 4, 9, 3] f(x) = 0.12283590684951315
Best solution in generation 98 is: x = [9, 11, 6, 7, 6, 6, 2, 10, 7, 7, 8, 11, 7, 7, 7, 7, 7, 7, 10, 3, 10, 10, 2, 8, 5, 2, 4, 11, 6, 2, 1, 8, 7, 2, 5, 7, 7, 2, 7, 7, 7, 7, 7, 7, 7, 10, 2, 2, 7, 10, 4, 5, 5, 8, 11, 2, 8, 10, 3, 10, 1, 8, 9, 6, 5, 3, 1, 3, 5, 3, 6, 10, 1, 1, 9, 8, 8, 3, 9, 2, 7, 8, 6, 8, 1, 3, 1, 5, 1, 1, 6, 2, 3, 1, 4, 2, 6, 9, 5, 1, 1, 1, 7, 3, 3] f(x) = 0.12214689352687469
Best solution in generation 99 is: x = [9, 9, 6, 7, 6, 6, 10, 10, 2, 7, 7, 11, 7, 7, 4, 7, 7, 7, 10, 3, 10, 11, 2, 2, 5, 7, 8, 11, 2, 4, 1, 8, 7, 2, 11, 7, 7, 2, 7, 7, 7, 7, 7, 7, 3, 11, 2, 2, 7, 10, 3, 6, 5, 8, 11, 3, 8, 10, 3, 10, 1, 10, 11, 1, 5, 3, 1, 3, 6, 1, 6, 6, 4, 1, 9, 8, 8, 3, 9, 2, 6, 8, 6, 8, 1, 3, 1, 1, 1, 1, 6, 2, 6, 1, 1, 2, 8, 9, 5, 1, 1, 1, 4, 3, 1] f(x) = 0.12354805867925482
Best repres&fitness: [6, 5, 6, 7, 6, 6, 10, 10, 7, 3, 7, 11, 7, 7, 5, 7, 7, 7, 10, 3, 10, 8, 2, 8, 5, 2, 4, 11, 6, 8, 1, 8, 7, 2, 3, 7, 7, 2, 7, 7, 7, 7, 7, 7, 5, 10, 2, 2, 7, 10, 4, 5, 5, 8, 11, 3, 8, 10, 3, 10, 1, 8, 9, 6, 5, 3, 1, 3, 1, 3, 6, 6, 1, 1, 9, 8, 8, 3, 9, 2, 6, 8, 6, 8, 1, 3, 1, 5, 1, 1, 6, 2, 3, 1, 4, 9, 9, 9, 5, 1, 1, 1, 7, 3, 3] 0.12335266684149164
Nr. de comunitati: 11
Node - culoare comunitate: 
0 - 6
1 - 5
2 - 6
3 - 7
4 - 6
5 - 6
6 - 10
7 - 10
8 - 7
9 - 3
10 - 7
11 - 11
12 - 7
13 - 7
14 - 5
15 - 7
16 - 7
17 - 7
18 - 10
19 - 3
20 - 10
21 - 8
22 - 2
23 - 8
24 - 5
25 - 2
26 - 4
27 - 11
28 - 6
29 - 8
30 - 1
31 - 8
32 - 7
33 - 2
34 - 3
35 - 7
36 - 7
37 - 2
38 - 7
39 - 7
40 - 7
41 - 7
42 - 7
43 - 7
44 - 5
45 - 10
46 - 2
47 - 2
48 - 7
49 - 10
50 - 4
51 - 5
52 - 5
53 - 8
54 - 11
55 - 3
56 - 8
57 - 10
58 - 3
59 - 10
60 - 1
61 - 8
62 - 9
63 - 6
64 - 5
65 - 3
66 - 1
67 - 3
68 - 1
69 - 3
70 - 6
71 - 6
72 - 1
73 - 1
74 - 9
75 - 8
76 - 8
77 - 3
78 - 9
79 - 2
80 - 6
81 - 8
82 - 6
83 - 8
84 - 1
85 - 3
86 - 1
87 - 5
88 - 1
89 - 1
90 - 6
91 - 2
92 - 3
93 - 1
94 - 4
95 - 9
96 - 9
97 - 9
98 - 5
99 - 1
100 - 1
101 - 1
102 - 7
103 - 3
104 - 3
